1.289524743015e-01
1.586593601588e-01
1.644523663080e-01
1.556880264543e-01
1.497462956803e-01
1.393924909175e-01
1.888750893276e-01
1.277729617199e-01
1.329692669790e-01
1.868547389001e-01
1.658988205050e-01
1.710281989256e-01
1.660464134806e-01
1.521162916579e-01
1.484225076417e-01
1.332172802241e-01
1.574124486105e-01
1.563838536467e-01
1.359168244348e-01
1.814726196089e-01
1.660386624187e-01
1.251313389093e-01
1.284192215458e-01
1.245493521579e-01
1.312352135556e-01
1.661661891740e-01
1.481581638005e-01
1.887382360061e-01
1.862446500733e-01
1.275736039266e-01
1.381425119154e-01
1.541327216509e-01
1.574168620651e-01
1.526580280488e-01
1.281794188152e-01
1.575888313645e-01
1.675470020269e-01
1.462980934447e-01
1.564643385092e-01
1.659682527365e-01
1.396209660592e-01
1.309484747618e-01
1.348632540242e-01
1.570234620212e-01
1.519935902822e-01
1.289862753333e-01
1.522908694142e-01
1.835830296959e-01
1.242911050316e-01
1.837331593824e-01
1.787442226834e-01
1.708084804298e-01
1.446261546747e-01
1.379500655105e-01
1.437949398520e-01
1.836436140135e-01
1.392522480285e-01
1.722798701520e-01
1.604060585693e-01
1.873537444097e-01
1.675529825012e-01
1.648763149998e-01
1.511603274011e-01
1.466823548040e-01
1.437862961846e-01
1.410119208410e-01
1.616126030854e-01
1.160405437517e-01
1.462964967709e-01
1.763858082715e-01
1.316022117690e-01
1.362193163066e-01
1.635899293364e-01
1.525098587192e-01
1.227215965698e-01
1.548399673147e-01
1.330202892303e-01
1.765521726732e-01
1.810000173106e-01
1.541404927852e-01
1.818309401012e-01
1.419240144840e-01
1.683411253621e-01
1.807119167646e-01
1.310543446060e-01
1.289222300767e-01
1.268903537749e-01
1.306045268775e-01
1.895018787375e-01
1.597917337971e-01
1.456599688305e-01
1.349043951603e-01
1.416386817463e-01
1.299340390377e-01
1.632031145270e-01
1.387346476454e-01
1.584394263872e-01
1.379971242536e-01
1.368529355395e-01
1.791277300630e-01
