1.545817154775e-01
1.494737088962e-01
1.444750073368e-01
1.395816412755e-01
1.347903271177e-01
1.300975318932e-01
1.255003626245e-01
1.209956758677e-01
1.165809240356e-01
1.122533113220e-01
1.599392007212e-01
1.548469284704e-01
1.498623469667e-01
1.449815454366e-01
1.402012708316e-01
1.355180371292e-01
1.309289701210e-01
1.264309564904e-01
1.220214640709e-01
1.176976934995e-01
1.651462019246e-01
1.600705922986e-01
1.551011234975e-01
1.502339312051e-01
1.454658213616e-01
1.407933453573e-01
1.362136665240e-01
1.317236890128e-01
1.273209025488e-01
1.230025302844e-01
1.702090929257e-01
1.651509413229e-01
1.601974280189e-01
1.553447540511e-01
1.505897774135e-01
1.459290832942e-01
1.413598811625e-01
1.368791013876e-01
1.324842619784e-01
1.281726090788e-01
1.751339311756e-01
1.700939147494e-01
1.651570943084e-01
1.603197131279e-01
1.555786969514e-01
1.509306727399e-01
1.463728835477e-01
1.419022980458e-01
1.375164691429e-01
1.332126585225e-01
1.799264956933e-01
1.749052012527e-01
1.699856955316e-01
1.651642916199e-01
1.604379524694e-01
1.558033541683e-01
1.512577914892e-01
1.467982639567e-01
1.424223550732e-01
1.381273590322e-01
1.845921501300e-01
1.795900894042e-01
1.746884432597e-01
1.698835998660e-01
1.651725565907e-01
1.605520497907e-01
1.560194139807e-01
1.515716916038e-01
1.472064884888e-01
1.429211466917e-01
1.891360980367e-01
1.841536988256e-01
1.792703903857e-01
1.744825996395e-01
1.697873989533e-01
1.651815629712e-01
1.606624674316e-01
1.562271976550e-01
1.518734016122e-01
1.475984338495e-01
1.935632319180e-01
1.886008613673e-01
1.837362917531e-01
1.789659956861e-01
1.742871078433e-01
1.696964368368e-01
1.651914198839e-01
1.607691703917e-01
1.564273755177e-01
1.521634217911e-01
1.978781702252e-01
1.929361597181e-01
1.880906721744e-01
1.833382559371e-01
1.786760792012e-01
1.741010188503e-01
1.696105405001e-01
1.652018134272e-01
1.608725428767e-01
1.566201688857e-01
