1.970207e+14 4.924208e+04 2.002853e+08 1.129067e+04 4.695178e+19 5.901675e+15 5.029569e+18 2.349373e+22 5.855122e+19 6.726915e+13 1.786213e+14 1.807669e+13 1.439521e+16 3.131433e+12 1.114934e+17 1.087831e+13 5.288874e+13 1.024726e+07 6.706669e+12
1.869327e+14 5.579619e+04 2.179067e+08 1.155160e+04 4.792076e+19 6.233570e+15 4.588596e+18 2.166188e+22 6.414271e+19 7.183417e+13 1.610522e+14 1.935003e+13 1.506073e+16 2.913716e+12 1.230367e+17 9.513675e+12 5.243765e+13 8.903882e+06 7.193010e+12
1.977447e+14 4.810819e+04 2.167852e+08 1.351572e+04 4.749410e+19 6.012626e+15 4.728502e+18 2.282756e+22 5.814708e+19 7.052962e+13 1.635706e+14 1.761199e+13 1.395897e+16 3.066394e+12 1.200429e+17 9.114269e+12 4.899795e+13 9.298816e+06 6.370916e+12
1.786178e+14 5.167065e+04 2.275281e+08 1.164854e+04 4.147797e+19 5.581328e+15 4.687959e+18 2.157628e+22 5.882840e+19 6.183378e+13 1.796257e+14 1.646315e+13 1.439136e+16 3.100121e+12 1.116324e+17 9.775416e+12 5.295351e+13 9.180848e+06 7.609258e+12
2.092179e+14 4.985197e+04 2.347423e+08 1.165791e+04 4.945461e+19 6.157786e+15 4.606664e+18 2.171120e+22 6.014385e+19 5.999029e+13 1.793920e+14 1.724621e+13 1.542709e+16 3.078263e+12 1.089210e+17 9.714193e+12 5.292278e+13 9.246049e+06 6.336183e+12
1.970590e+14 4.924208e+04 2.002853e+08 1.129067e+04 4.695178e+19 5.901675e+15 5.029569e+18 2.349373e+22 5.855122e+19 6.726915e+13 1.786213e+14 1.807669e+13 1.439521e+16 3.131433e+12 1.114934e+17 1.087831e+13 5.288874e+13 1.024726e+07 6.706669e+12
1.869710e+14 5.579619e+04 2.179067e+08 1.155160e+04 4.792076e+19 6.233570e+15 4.588596e+18 2.166188e+22 6.414271e+19 7.183417e+13 1.610522e+14 1.935003e+13 1.506073e+16 2.913716e+12 1.230367e+17 9.513675e+12 5.243765e+13 8.903882e+06 7.193010e+12
1.977830e+14 4.810819e+04 2.167852e+08 1.351572e+04 4.749410e+19 6.012626e+15 4.728502e+18 2.282756e+22 5.814708e+19 7.052962e+13 1.635706e+14 1.761199e+13 1.395897e+16 3.066394e+12 1.200429e+17 9.114269e+12 4.899795e+13 9.298816e+06 6.370916e+12
1.786561e+14 5.167065e+04 2.275281e+08 1.164854e+04 4.147797e+19 5.581328e+15 4.687959e+18 2.157628e+22 5.882840e+19 6.183378e+13 1.796257e+14 1.646315e+13 1.439136e+16 3.100121e+12 1.116324e+17 9.775416e+12 5.295351e+13 9.180848e+06 7.609258e+12
2.092562e+14 4.985197e+04 2.347423e+08 1.165791e+04 4.945461e+19 6.157786e+15 4.606664e+18 2.171120e+22 6.014385e+19 5.999029e+13 1.793920e+14 1.724621e+13 1.542709e+16 3.078263e+12 1.089210e+17 9.714193e+12 5.292278e+13 9.246049e+06 6.336183e+12
1.970207e+14 4.925224e+04 2.002853e+08 1.129067e+04 4.695178e+19 5.901675e+15 5.029569e+18 2.349373e+22 5.855122e+19 6.726915e+13 1.786213e+14 1.807669e+13 1.439521e+16 3.131433e+12 1.114934e+17 1.087831e+13 5.288874e+13 1.024726e+07 6.706669e+12
1.869327e+14 5.580635e+04 2.179067e+08 1.155160e+04 4.792076e+19 6.233570e+15 4.588596e+18 2.166188e+22 6.414271e+19 7.183417e+13 1.610522e+14 1.935003e+13 1.506073e+16 2.913716e+12 1.230367e+17 9.513675e+12 5.243765e+13 8.903882e+06 7.193010e+12
1.977447e+14 4.811835e+04 2.167852e+08 1.351572e+04 4.749410e+19 6.012626e+15 4.728502e+18 2.282756e+22 5.814708e+19 7.052962e+13 1.635706e+14 1.761199e+13 1.395897e+16 3.066394e+12 1.200429e+17 9.114269e+12 4.899795e+13 9.298816e+06 6.370916e+12
1.786178e+14 5.168081e+04 2.275281e+08 1.164854e+04 4.147797e+19 5.581328e+15 4.687959e+18 2.157628e+22 5.882840e+19 6.183378e+13 1.796257e+14 1.646315e+13 1.439136e+16 3.100121e+12 1.116324e+17 9.775416e+12 5.295351e+13 9.180848e+06 7.609258e+12
2.092179e+14 4.986213e+04 2.347423e+08 1.165791e+04 4.945461e+19 6.157786e+15 4.606664e+18 2.171120e+22 6.014385e+19 5.999029e+13 1.793920e+14 1.724621e+13 1.542709e+16 3.078263e+12 1.089210e+17 9.714193e+12 5.292278e+13 9.246049e+06 6.336183e+12
1.970207e+14 4.924208e+04 2.003285e+08 1.129067e+04 4.695178e+19 5.901675e+15 5.029569e+18 2.349373e+22 5.855122e+19 6.726915e+13 1.786213e+14 1.807669e+13 1.439521e+16 3.131433e+12 1.114934e+17 1.087831e+13 5.288874e+13 1.024726e+07 6.706669e+12
1.869327e+14 5.579619e+04 2.179499e+08 1.155160e+04 4.792076e+19 6.233570e+15 4.588596e+18 2.166188e+22 6.414271e+19 7.183417e+13 1.610522e+14 1.935003e+13 1.506073e+16 2.913716e+12 1.230367e+17 9.513675e+12 5.243765e+13 8.903882e+06 7.193010e+12
1.977447e+14 4.810819e+04 2.168284e+08 1.351572e+04 4.749410e+19 6.012626e+15 4.728502e+18 2.282756e+22 5.814708e+19 7.052962e+13 1.635706e+14 1.761199e+13 1.395897e+16 3.066394e+12 1.200429e+17 9.114269e+12 4.899795e+13 9.298816e+06 6.370916e+12
1.786178e+14 5.167065e+04 2.275713e+08 1.164854e+04 4.147797e+19 5.581328e+15 4.687959e+18 2.157628e+22 5.882840e+19 6.183378e+13 1.796257e+14 1.646315e+13 1.439136e+16 3.100121e+12 1.116324e+17 9.775416e+12 5.295351e+13 9.180848e+06 7.609258e+12
2.092179e+14 4.985197e+04 2.347855e+08 1.165791e+04 4.945461e+19 6.157786e+15 4.606664e+18 2.171120e+22 6.014385e+19 5.999029e+13 1.793920e+14 1.724621e+13 1.542709e+16 3.078263e+12 1.089210e+17 9.714193e+12 5.292278e+13 9.246049e+06 6.336183e+12
1.970207e+14 4.924208e+04 2.002853e+08 1.129313e+04 4.695178e+19 5.901675e+15 5.029569e+18 2.349373e+22 5.855122e+19 6.726915e+13 1.786213e+14 1.807669e+13 1.439521e+16 3.131433e+12 1.114934e+17 1.087831e+13 5.288874e+13 1.024726e+07 6.706669e+12
1.869327e+14 5.579619e+04 2.179067e+08 1.155406e+04 4.792076e+19 6.233570e+15 4.588596e+18 2.166188e+22 6.414271e+19 7.183417e+13 1.610522e+14 1.935003e+13 1.506073e+16 2.913716e+12 1.230367e+17 9.513675e+12 5.243765e+13 8.903882e+06 7.193010e+12
1.977447e+14 4.810819e+04 2.167852e+08 1.351818e+04 4.749410e+19 6.012626e+15 4.728502e+18 2.282756e+22 5.814708e+19 7.052962e+13 1.635706e+14 1.761199e+13 1.395897e+16 3.066394e+12 1.200429e+17 9.114269e+12 4.899795e+13 9.298816e+06 6.370916e+12
1.786178e+14 5.167065e+04 2.275281e+08 1.165100e+04 4.147797e+19 5.581328e+15 4.687959e+18 2.157628e+22 5.882840e+19 6.183378e+13 1.796257e+14 1.646315e+13 1.439136e+16 3.100121e+12 1.116324e+17 9.775416e+12 5.295351e+13 9.180848e+06 7.609258e+12
2.092179e+14 4.985197e+04 2.347423e+08 1.166037e+04 4.945461e+19 6.157786e+15 4.606664e+18 2.171120e+22 6.014385e+19 5.999029e+13 1.793920e+14 1.724621e+13 1.542709e+16 3.078263e+12 1.089210e+17 9.714193e+12 5.292278e+13 9.246049e+06 6.336183e+12
1.970207e+14 4.924208e+04 2.002853e+08 1.129067e+04 4.696093e+19 5.901675e+15 5.029569e+18 2.349373e+22 5.855122e+19 6.726915e+13 1.786213e+14 1.807669e+13 1.439521e+16 3.131433e+12 1.114934e+17 1.087831e+13 5.288874e+13 1.024726e+07 6.706669e+12
1.869327e+14 5.579619e+04 2.179067e+08 1.155160e+04 4.792991e+19 6.233570e+15 4.588596e+18 2.166188e+22 6.414271e+19 7.183417e+13 1.610522e+14 1.935003e+13 1.506073e+16 2.913716e+12 1.230367e+17 9.513675e+12 5.243765e+13 8.903882e+06 7.193010e+12
1.977447e+14 4.810819e+04 2.167852e+08 1.351572e+04 4.750326e+19 6.012626e+15 4.728502e+18 2.282756e+22 5.814708e+19 7.052962e+13 1.635706e+14 1.761199e+13 1.395897e+16 3.066394e+12 1.200429e+17 9.114269e+12 4.899795e+13 9.298816e+06 6.370916e+12
1.786178e+14 5.167065e+04 2.275281e+08 1.164854e+04 4.148712e+19 5.581328e+15 4.687959e+18 2.157628e+22 5.882840e+19 6.183378e+13 1.796257e+14 1.646315e+13 1.439136e+16 3.100121e+12 1.116324e+17 9.775416e+12 5.295351e+13 9.180848e+06 7.609258e+12
2.092179e+14 4.985197e+04 2.347423e+08 1.165791e+04 4.946377e+19 6.157786e+15 4.606664e+18 2.171120e+22 6.014385e+19 5.999029e+13 1.793920e+14 1.724621e+13 1.542709e+16 3.078263e+12 1.089210e+17 9.714193e+12 5.292278e+13 9.246049e+06 6.336183e+12
1.970207e+14 4.924208e+04 2.002853e+08 1.129067e+04 4.695178e+19 5.902908e+15 5.029569e+18 2.349373e+22 5.855122e+19 6.726915e+13 1.786213e+14 1.807669e+13 1.439521e+16 3.131433e+12 1.114934e+17 1.087831e+13 5.288874e+13 1.024726e+07 6.706669e+12
1.869327e+14 5.579619e+04 2.179067e+08 1.155160e+04 4.792076e+19 6.234803e+15 4.588596e+18 2.166188e+22 6.414271e+19 7.183417e+13 1.610522e+14 1.935003e+13 1.506073e+16 2.913716e+12 1.230367e+17 9.513675e+12 5.243765e+13 8.903882e+06 7.193010e+12
1.977447e+14 4.810819e+04 2.167852e+08 1.351572e+04 4.749410e+19 6.013859e+15 4.728502e+18 2.282756e+22 5.814708e+19 7.052962e+13 1.635706e+14 1.761199e+13 1.395897e+16 3.066394e+12 1.200429e+17 9.114269e+12 4.899795e+13 9.298816e+06 6.370916e+12
1.786178e+14 5.167065e+04 2.275281e+08 1.164854e+04 4.147797e+19 5.582561e+15 4.687959e+18 2.157628e+22 5.882840e+19 6.183378e+13 1.796257e+14 1.646315e+13 1.439136e+16 3.100121e+12 1.116324e+17 9.775416e+12 5.295351e+13 9.180848e+06 7.609258e+12
2.092179e+14 4.985197e+04 2.347423e+08 1.165791e+04 4.945461e+19 6.159019e+15 4.606664e+18 2.171120e+22 6.014385e+19 5.999029e+13 1.793920e+14 1.724621e+13 1.542709e+16 3.078263e+12 1.089210e+17 9.714193e+12 5.292278e+13 9.246049e+06 6.336183e+12
1.970207e+14 4.924208e+04 2.002853e+08 1.129067e+04 4.695178e+19 5.901675e+15 5.030512e+18 2.349373e+22 5.855122e+19 6.726915e+13 1.786213e+14 1.807669e+13 1.439521e+16 3.131433e+12 1.114934e+17 1.087831e+13 5.288874e+13 1.024726e+07 6.706669e+12
1.869327e+14 5.579619e+04 2.179067e+08 1.155160e+04 4.792076e+19 6.233570e+15 4.589538e+18 2.166188e+22 6.414271e+19 7.183417e+13 1.610522e+14 1.935003e+13 1.506073e+16 2.913716e+12 1.230367e+17 9.513675e+12 5.243765e+13 8.903882e+06 7.193010e+12
1.977447e+14 4.810819e+04 2.167852e+08 1.351572e+04 4.749410e+19 6.012626e+15 4.729445e+18 2.282756e+22 5.814708e+19 7.052962e+13 1.635706e+14 1.761199e+13 1.395897e+16 3.066394e+12 1.200429e+17 9.114269e+12 4.899795e+13 9.298816e+06 6.370916e+12
1.786178e+14 5.167065e+04 2.275281e+08 1.164854e+04 4.147797e+19 5.581328e+15 4.688902e+18 2.157628e+22 5.882840e+19 6.183378e+13 1.796257e+14 1.646315e+13 1.439136e+16 3.100121e+12 1.116324e+17 9.775416e+12 5.295351e+13 9.180848e+06 7.609258e+12
2.092179e+14 4.985197e+04 2.347423e+08 1.165791e+04 4.945461e+19 6.157786e+15 4.607607e+18 2.171120e+22 6.014385e+19 5.999029e+13 1.793920e+14 1.724621e+13 1.542709e+16 3.078263e+12 1.089210e+17 9.714193e+12 5.292278e+13 9.246049e+06 6.336183e+12
1.970207e+14 4.924208e+04 2.002853e+08 1.129067e+04 4.695178e+19 5.901675e+15 5.029569e+18 2.349821e+22 5.855122e+19 6.726915e+13 1.786213e+14 1.807669e+13 1.439521e+16 3.131433e+12 1.114934e+17 1.087831e+13 5.288874e+13 1.024726e+07 6.706669e+12
1.869327e+14 5.579619e+04 2.179067e+08 1.155160e+04 4.792076e+19 6.233570e+15 4.588596e+18 2.166636e+22 6.414271e+19 7.183417e+13 1.610522e+14 1.935003e+13 1.506073e+16 2.913716e+12 1.230367e+17 9.513675e+12 5.243765e+13 8.903882e+06 7.193010e+12
1.977447e+14 4.810819e+04 2.167852e+08 1.351572e+04 4.749410e+19 6.012626e+15 4.728502e+18 2.283204e+22 5.814708e+19 7.052962e+13 1.635706e+14 1.761199e+13 1.395897e+16 3.066394e+12 1.200429e+17 9.114269e+12 4.899795e+13 9.298816e+06 6.370916e+12
1.786178e+14 5.167065e+04 2.275281e+08 1.164854e+04 4.147797e+19 5.581328e+15 4.687959e+18 2.158076e+22 5.882840e+19 6.183378e+13 1.796257e+14 1.646315e+13 1.439136e+16 3.100121e+12 1.116324e+17 9.775416e+12 5.295351e+13 9.180848e+06 7.609258e+12
2.092179e+14 4.985197e+04 2.347423e+08 1.165791e+04 4.945461e+19 6.157786e+15 4.606664e+18 2.171568e+22 6.014385e+19 5.999029e+13 1.793920e+14 1.724621e+13 1.542709e+16 3.078263e+12 1.089210e+17 9.714193e+12 5.292278e+13 9.246049e+06 6.336183e+12
1.970207e+14 4.924208e+04 2.002853e+08 1.129067e+04 4.695178e+19 5.901675e+15 5.029569e+18 2.349373e+22 5.856356e+19 6.726915e+13 1.786213e+14 1.807669e+13 1.439521e+16 3.131433e+12 1.114934e+17 1.087831e+13 5.288874e+13 1.024726e+07 6.706669e+12
1.869327e+14 5.579619e+04 2.179067e+08 1.155160e+04 4.792076e+19 6.233570e+15 4.588596e+18 2.166188e+22 6.415505e+19 7.183417e+13 1.610522e+14 1.935003e+13 1.506073e+16 2.913716e+12 1.230367e+17 9.513675e+12 5.243765e+13 8.903882e+06 7.193010e+12
1.977447e+14 4.810819e+04 2.167852e+08 1.351572e+04 4.749410e+19 6.012626e+15 4.728502e+18 2.282756e+22 5.815942e+19 7.052962e+13 1.635706e+14 1.761199e+13 1.395897e+16 3.066394e+12 1.200429e+17 9.114269e+12 4.899795e+13 9.298816e+06 6.370916e+12
1.786178e+14 5.167065e+04 2.275281e+08 1.164854e+04 4.147797e+19 5.581328e+15 4.687959e+18 2.157628e+22 5.884074e+19 6.183378e+13 1.796257e+14 1.646315e+13 1.439136e+16 3.100121e+12 1.116324e+17 9.775416e+12 5.295351e+13 9.180848e+06 7.609258e+12
2.092179e+14 4.985197e+04 2.347423e+08 1.165791e+04 4.945461e+19 6.157786e+15 4.606664e+18 2.171120e+22 6.015619e+19 5.999029e+13 1.793920e+14 1.724621e+13 1.542709e+16 3.078263e+12 1.089210e+17 9.714193e+12 5.292278e+13 9.246049e+06 6.336183e+12
1.970207e+14 4.924208e+04 2.002853e+08 1.129067e+04 4.695178e+19 5.901675e+15 5.029569e+18 2.349373e+22 5.855122e+19 6.728241e+13 1.786213e+14 1.807669e+13 1.439521e+16 3.131433e+12 1.114934e+17 1.087831e+13 5.288874e+13 1.024726e+07 6.706669e+12
1.869327e+14 5.579619e+04 2.179067e+08 1.155160e+04 4.792076e+19 6.233570e+15 4.588596e+18 2.166188e+22 6.414271e+19 7.184743e+13 1.610522e+14 1.935003e+13 1.506073e+16 2.913716e+12 1.230367e+17 9.513675e+12 5.243765e+13 8.903882e+06 7.193010e+12
1.977447e+14 4.810819e+04 2.167852e+08 1.351572e+04 4.749410e+19 6.012626e+15 4.728502e+18 2.282756e+22 5.814708e+19 7.054288e+13 1.635706e+14 1.761199e+13 1.395897e+16 3.066394e+12 1.200429e+17 9.114269e+12 4.899795e+13 9.298816e+06 6.370916e+12
1.786178e+14 5.167065e+04 2.275281e+08 1.164854e+04 4.147797e+19 5.581328e+15 4.687959e+18 2.157628e+22 5.882840e+19 6.184704e+13 1.796257e+14 1.646315e+13 1.439136e+16 3.100121e+12 1.116324e+17 9.775416e+12 5.295351e+13 9.180848e+06 7.609258e+12
2.092179e+14 4.985197e+04 2.347423e+08 1.165791e+04 4.945461e+19 6.157786e+15 4.606664e+18 2.171120e+22 6.014385e+19 6.000355e+13 1.793920e+14 1.724621e+13 1.542709e+16 3.078263e+12 1.089210e+17 9.714193e+12 5.292278e+13 9.246049e+06 6.336183e+12
1.970207e+14 4.924208e+04 2.002853e+08 1.129067e+04 4.695178e+19 5.901675e+15 5.029569e+18 2.349373e+22 5.855122e+19 6.726915e+13 1.786551e+14 1.807669e+13 1.439521e+16 3.131433e+12 1.114934e+17 1.087831e+13 5.288874e+13 1.024726e+07 6.706669e+12
1.869327e+14 5.579619e+04 2.179067e+08 1.155160e+04 4.792076e+19 6.233570e+15 4.588596e+18 2.166188e+22 6.414271e+19 7.183417e+13 1.610860e+14 1.935003e+13 1.506073e+16 2.913716e+12 1.230367e+17 9.513675e+12 5.243765e+13 8.903882e+06 7.193010e+12
1.977447e+14 4.810819e+04 2.167852e+08 1.351572e+04 4.749410e+19 6.012626e+15 4.728502e+18 2.282756e+22 5.814708e+19 7.052962e+13 1.636044e+14 1.761199e+13 1.395897e+16 3.066394e+12 1.200429e+17 9.114269e+12 4.899795e+13 9.298816e+06 6.370916e+12
1.786178e+14 5.167065e+04 2.275281e+08 1.164854e+04 4.147797e+19 5.581328e+15 4.687959e+18 2.157628e+22 5.882840e+19 6.183378e+13 1.796595e+14 1.646315e+13 1.439136e+16 3.100121e+12 1.116324e+17 9.775416e+12 5.295351e+13 9.180848e+06 7.609258e+12
2.092179e+14 4.985197e+04 2.347423e+08 1.165791e+04 4.945461e+19 6.157786e+15 4.606664e+18 2.171120e+22 6.014385e+19 5.999029e+13 1.794258e+14 1.724621e+13 1.542709e+16 3.078263e+12 1.089210e+17 9.714193e+12 5.292278e+13 9.246049e+06 6.336183e+12
1.970207e+14 4.924208e+04 2.002853e+08 1.129067e+04 4.695178e+19 5.901675e+15 5.029569e+18 2.349373e+22 5.855122e+19 6.726915e+13 1.786213e+14 1.808031e+13 1.439521e+16 3.131433e+12 1.114934e+17 1.087831e+13 5.288874e+13 1.024726e+07 6.706669e+12
1.869327e+14 5.579619e+04 2.179067e+08 1.155160e+04 4.792076e+19 6.233570e+15 4.588596e+18 2.166188e+22 6.414271e+19 7.183417e+13 1.610522e+14 1.935365e+13 1.506073e+16 2.913716e+12 1.230367e+17 9.513675e+12 5.243765e+13 8.903882e+06 7.193010e+12
1.977447e+14 4.810819e+04 2.167852e+08 1.351572e+04 4.749410e+19 6.012626e+15 4.728502e+18 2.282756e+22 5.814708e+19 7.052962e+13 1.635706e+14 1.761561e+13 1.395897e+16 3.066394e+12 1.200429e+17 9.114269e+12 4.899795e+13 9.298816e+06 6.370916e+12
1.786178e+14 5.167065e+04 2.275281e+08 1.164854e+04 4.147797e+19 5.581328e+15 4.687959e+18 2.157628e+22 5.882840e+19 6.183378e+13 1.796257e+14 1.646677e+13 1.439136e+16 3.100121e+12 1.116324e+17 9.775416e+12 5.295351e+13 9.180848e+06 7.609258e+12
2.092179e+14 4.985197e+04 2.347423e+08 1.165791e+04 4.945461e+19 6.157786e+15 4.606664e+18 2.171120e+22 6.014385e+19 5.999029e+13 1.793920e+14 1.724983e+13 1.542709e+16 3.078263e+12 1.089210e+17 9.714193e+12 5.292278e+13 9.246049e+06 6.336183e+12
1.970207e+14 4.924208e+04 2.002853e+08 1.129067e+04 4.695178e+19 5.901675e+15 5.029569e+18 2.349373e+22 5.855122e+19 6.726915e+13 1.786213e+14 1.807669e+13 1.439811e+16 3.131433e+12 1.114934e+17 1.087831e+13 5.288874e+13 1.024726e+07 6.706669e+12
1.869327e+14 5.579619e+04 2.179067e+08 1.155160e+04 4.792076e+19 6.233570e+15 4.588596e+18 2.166188e+22 6.414271e+19 7.183417e+13 1.610522e+14 1.935003e+13 1.506363e+16 2.913716e+12 1.230367e+17 9.513675e+12 5.243765e+13 8.903882e+06 7.193010e+12
1.977447e+14 4.810819e+04 2.167852e+08 1.351572e+04 4.749410e+19 6.012626e+15 4.728502e+18 2.282756e+22 5.814708e+19 7.052962e+13 1.635706e+14 1.761199e+13 1.396187e+16 3.066394e+12 1.200429e+17 9.114269e+12 4.899795e+13 9.298816e+06 6.370916e+12
1.786178e+14 5.167065e+04 2.275281e+08 1.164854e+04 4.147797e+19 5.581328e+15 4.687959e+18 2.157628e+22 5.882840e+19 6.183378e+13 1.796257e+14 1.646315e+13 1.439426e+16 3.100121e+12 1.116324e+17 9.775416e+12 5.295351e+13 9.180848e+06 7.609258e+12
2.092179e+14 4.985197e+04 2.347423e+08 1.165791e+04 4.945461e+19 6.157786e+15 4.606664e+18 2.171120e+22 6.014385e+19 5.999029e+13 1.793920e+14 1.724621e+13 1.542999e+16 3.078263e+12 1.089210e+17 9.714193e+12 5.292278e+13 9.246049e+06 6.336183e+12
1.970207e+14 4.924208e+04 2.002853e+08 1.129067e+04 4.695178e+19 5.901675e+15 5.029569e+18 2.349373e+22 5.855122e+19 6.726915e+13 1.786213e+14 1.807669e+13 1.439521e+16 3.132037e+12 1.114934e+17 1.087831e+13 5.288874e+13 1.024726e+07 6.706669e+12
1.869327e+14 5.579619e+04 2.179067e+08 1.155160e+04 4.792076e+19 6.233570e+15 4.588596e+18 2.166188e+22 6.414271e+19 7.183417e+13 1.610522e+14 1.935003e+13 1.506073e+16 2.914320e+12 1.230367e+17 9.513675e+12 5.243765e+13 8.903882e+06 7.193010e+12
1.977447e+14 4.810819e+04 2.167852e+08 1.351572e+04 4.749410e+19 6.012626e+15 4.728502e+18 2.282756e+22 5.814708e+19 7.052962e+13 1.635706e+14 1.761199e+13 1.395897e+16 3.066998e+12 1.200429e+17 9.114269e+12 4.899795e+13 9.298816e+06 6.370916e+12
1.786178e+14 5.167065e+04 2.275281e+08 1.164854e+04 4.147797e+19 5.581328e+15 4.687959e+18 2.157628e+22 5.882840e+19 6.183378e+13 1.796257e+14 1.646315e+13 1.439136e+16 3.100725e+12 1.116324e+17 9.775416e+12 5.295351e+13 9.180848e+06 7.609258e+12
2.092179e+14 4.985197e+04 2.347423e+08 1.165791e+04 4.945461e+19 6.157786e+15 4.606664e+18 2.171120e+22 6.014385e+19 5.999029e+13 1.793920e+14 1.724621e+13 1.542709e+16 3.078867e+12 1.089210e+17 9.714193e+12 5.292278e+13 9.246049e+06 6.336183e+12
1.970207e+14 4.924208e+04 2.002853e+08 1.129067e+04 4.695178e+19 5.901675e+15 5.029569e+18 2.349373e+22 5.855122e+19 6.726915e+13 1.786213e+14 1.807669e+13 1.439521e+16 3.131433e+12 1.115174e+17 1.087831e+13 5.288874e+13 1.024726e+07 6.706669e+12
1.869327e+14 5.579619e+04 2.179067e+08 1.155160e+04 4.792076e+19 6.233570e+15 4.588596e+18 2.166188e+22 6.414271e+19 7.183417e+13 1.610522e+14 1.935003e+13 1.506073e+16 2.913716e+12 1.230608e+17 9.513675e+12 5.243765e+13 8.903882e+06 7.193010e+12
1.977447e+14 4.810819e+04 2.167852e+08 1.351572e+04 4.749410e+19 6.012626e+15 4.728502e+18 2.282756e+22 5.814708e+19 7.052962e+13 1.635706e+14 1.761199e+13 1.395897e+16 3.066394e+12 1.200669e+17 9.114269e+12 4.899795e+13 9.298816e+06 6.370916e+12
1.786178e+14 5.167065e+04 2.275281e+08 1.164854e+04 4.147797e+19 5.581328e+15 4.687959e+18 2.157628e+22 5.882840e+19 6.183378e+13 1.796257e+14 1.646315e+13 1.439136e+16 3.100121e+12 1.116565e+17 9.775416e+12 5.295351e+13 9.180848e+06 7.609258e+12
2.092179e+14 4.985197e+04 2.347423e+08 1.165791e+04 4.945461e+19 6.157786e+15 4.606664e+18 2.171120e+22 6.014385e+19 5.999029e+13 1.793920e+14 1.724621e+13 1.542709e+16 3.078263e+12 1.089450e+17 9.714193e+12 5.292278e+13 9.246049e+06 6.336183e+12
1.970207e+14 4.924208e+04 2.002853e+08 1.129067e+04 4.695178e+19 5.901675e+15 5.029569e+18 2.349373e+22 5.855122e+19 6.726915e+13 1.786213e+14 1.807669e+13 1.439521e+16 3.131433e+12 1.114934e+17 1.088031e+13 5.288874e+13 1.024726e+07 6.706669e+12
1.869327e+14 5.579619e+04 2.179067e+08 1.155160e+04 4.792076e+19 6.233570e+15 4.588596e+18 2.166188e+22 6.414271e+19 7.183417e+13 1.610522e+14 1.935003e+13 1.506073e+16 2.913716e+12 1.230367e+17 9.515675e+12 5.243765e+13 8.903882e+06 7.193010e+12
1.977447e+14 4.810819e+04 2.167852e+08 1.351572e+04 4.749410e+19 6.012626e+15 4.728502e+18 2.282756e+22 5.814708e+19 7.052962e+13 1.635706e+14 1.761199e+13 1.395897e+16 3.066394e+12 1.200429e+17 9.116269e+12 4.899795e+13 9.298816e+06 6.370916e+12
1.786178e+14 5.167065e+04 2.275281e+08 1.164854e+04 4.147797e+19 5.581328e+15 4.687959e+18 2.157628e+22 5.882840e+19 6.183378e+13 1.796257e+14 1.646315e+13 1.439136e+16 3.100121e+12 1.116324e+17 9.777416e+12 5.295351e+13 9.180848e+06 7.609258e+12
2.092179e+14 4.985197e+04 2.347423e+08 1.165791e+04 4.945461e+19 6.157786e+15 4.606664e+18 2.171120e+22 6.014385e+19 5.999029e+13 1.793920e+14 1.724621e+13 1.542709e+16 3.078263e+12 1.089210e+17 9.716193e+12 5.292278e+13 9.246049e+06 6.336183e+12
1.970207e+14 4.924208e+04 2.002853e+08 1.129067e+04 4.695178e+19 5.901675e+15 5.029569e+18 2.349373e+22 5.855122e+19 6.726915e+13 1.786213e+14 1.807669e+13 1.439521e+16 3.131433e+12 1.114934e+17 1.087831e+13 5.289838e+13 1.024726e+07 6.706669e+12
1.869327e+14 5.579619e+04 2.179067e+08 1.155160e+04 4.792076e+19 6.233570e+15 4.588596e+18 2.166188e+22 6.414271e+19 7.183417e+13 1.610522e+14 1.935003e+13 1.506073e+16 2.913716e+12 1.230367e+17 9.513675e+12 5.244729e+13 8.903882e+06 7.193010e+12
1.977447e+14 4.810819e+04 2.167852e+08 1.351572e+04 4.749410e+19 6.012626e+15 4.728502e+18 2.282756e+22 5.814708e+19 7.052962e+13 1.635706e+14 1.761199e+13 1.395897e+16 3.066394e+12 1.200429e+17 9.114269e+12 4.900759e+13 9.298816e+06 6.370916e+12
1.786178e+14 5.167065e+04 2.275281e+08 1.164854e+04 4.147797e+19 5.581328e+15 4.687959e+18 2.157628e+22 5.882840e+19 6.183378e+13 1.796257e+14 1.646315e+13 1.439136e+16 3.100121e+12 1.116324e+17 9.775416e+12 5.296315e+13 9.180848e+06 7.609258e+12
2.092179e+14 4.985197e+04 2.347423e+08 1.165791e+04 4.945461e+19 6.157786e+15 4.606664e+18 2.171120e+22 6.014385e+19 5.999029e+13 1.793920e+14 1.724621e+13 1.542709e+16 3.078263e+12 1.089210e+17 9.714193e+12 5.293242e+13 9.246049e+06 6.336183e+12
1.970207e+14 4.924208e+04 2.002853e+08 1.129067e+04 4.695178e+19 5.901675e+15 5.029569e+18 2.349373e+22 5.855122e+19 6.726915e+13 1.786213e+14 1.807669e+13 1.439521e+16 3.131433e+12 1.114934e+17 1.087831e+13 5.288874e+13 1.024917e+07 6.706669e+12
1.869327e+14 5.579619e+04 2.179067e+08 1.155160e+04 4.792076e+19 6.233570e+15 4.588596e+18 2.166188e+22 6.414271e+19 7.183417e+13 1.610522e+14 1.935003e+13 1.506073e+16 2.913716e+12 1.230367e+17 9.513675e+12 5.243765e+13 8.905792e+06 7.193010e+12
1.977447e+14 4.810819e+04 2.167852e+08 1.351572e+04 4.749410e+19 6.012626e+15 4.728502e+18 2.282756e+22 5.814708e+19 7.052962e+13 1.635706e+14 1.761199e+13 1.395897e+16 3.066394e+12 1.200429e+17 9.114269e+12 4.899795e+13 9.300726e+06 6.370916e+12
1.786178e+14 5.167065e+04 2.275281e+08 1.164854e+04 4.147797e+19 5.581328e+15 4.687959e+18 2.157628e+22 5.882840e+19 6.183378e+13 1.796257e+14 1.646315e+13 1.439136e+16 3.100121e+12 1.116324e+17 9.775416e+12 5.295351e+13 9.182758e+06 7.609258e+12
2.092179e+14 4.985197e+04 2.347423e+08 1.165791e+04 4.945461e+19 6.157786e+15 4.606664e+18 2.171120e+22 6.014385e+19 5.999029e+13 1.793920e+14 1.724621e+13 1.542709e+16 3.078263e+12 1.089210e+17 9.714193e+12 5.292278e+13 9.247959e+06 6.336183e+12
1.970207e+14 4.924208e+04 2.002853e+08 1.129067e+04 4.695178e+19 5.901675e+15 5.029569e+18 2.349373e+22 5.855122e+19 6.726915e+13 1.786213e+14 1.807669e+13 1.439521e+16 3.131433e+12 1.114934e+17 1.087831e+13 5.288874e+13 1.024726e+07 6.708069e+12
1.869327e+14 5.579619e+04 2.179067e+08 1.155160e+04 4.792076e+19 6.233570e+15 4.588596e+18 2.166188e+22 6.414271e+19 7.183417e+13 1.610522e+14 1.935003e+13 1.506073e+16 2.913716e+12 1.230367e+17 9.513675e+12 5.243765e+13 8.903882e+06 7.194410e+12
1.977447e+14 4.810819e+04 2.167852e+08 1.351572e+04 4.749410e+19 6.012626e+15 4.728502e+18 2.282756e+22 5.814708e+19 7.052962e+13 1.635706e+14 1.761199e+13 1.395897e+16 3.066394e+12 1.200429e+17 9.114269e+12 4.899795e+13 9.298816e+06 6.372316e+12
1.786178e+14 5.167065e+04 2.275281e+08 1.164854e+04 4.147797e+19 5.581328e+15 4.687959e+18 2.157628e+22 5.882840e+19 6.183378e+13 1.796257e+14 1.646315e+13 1.439136e+16 3.100121e+12 1.116324e+17 9.775416e+12 5.295351e+13 9.180848e+06 7.610658e+12
2.092179e+14 4.985197e+04 2.347423e+08 1.165791e+04 4.945461e+19 6.157786e+15 4.606664e+18 2.171120e+22 6.014385e+19 5.999029e+13 1.793920e+14 1.724621e+13 1.542709e+16 3.078263e+12 1.089210e+17 9.714193e+12 5.292278e+13 9.246049e+06 6.337583e+12
