1.879644e+14 4.880775e+04 2.367766e+08 1.329450e+04 4.278765e+19 6.175246e+15 4.843090e+18 2.080956e+22 5.598232e+19 6.921737e+13 1.847744e+14 1.654211e+13 1.343380e+16 2.872986e+12 1.194366e+17 9.236402e+12 4.466908e+13 9.852785e+06 6.990437e+12
1.744705e+14 5.106822e+04 2.203553e+08 1.217677e+04 4.530449e+19 6.325319e+15 4.584173e+18 2.261904e+22 6.254584e+19 6.008191e+13 1.803477e+14 1.964138e+13 1.452894e+16 3.274341e+12 1.234080e+17 9.154899e+12 4.480434e+13 9.327612e+06 6.486306e+12
2.025509e+14 5.205793e+04 2.295634e+08 1.136255e+04 4.732430e+19 6.578098e+15 4.256341e+18 2.099992e+22 6.691692e+19 6.739826e+13 1.842479e+14 1.770660e+13 1.403816e+16 2.771366e+12 1.184861e+17 1.079028e+13 4.777304e+13 1.037562e+07 7.526834e+12
1.833538e+14 5.361204e+04 2.250135e+08 1.312484e+04 4.995703e+19 6.100060e+15 4.753583e+18 2.194744e+22 5.773954e+19 6.892120e+13 1.692138e+14 1.776758e+13 1.437507e+16 3.088262e+12 1.312137e+17 9.024164e+12 5.132169e+13 8.865086e+06 6.457802e+12
1.895984e+14 5.269222e+04 1.955895e+08 1.156753e+04 4.882133e+19 6.488404e+15 4.542557e+18 2.123537e+22 6.420598e+19 7.173466e+13 1.586740e+14 1.690868e+13 1.319094e+16 3.171803e+12 1.293318e+17 1.049149e+13 4.725235e+13 1.025007e+07 7.033954e+12
1.880027e+14 4.880775e+04 2.367766e+08 1.329450e+04 4.278765e+19 6.175246e+15 4.843090e+18 2.080956e+22 5.598232e+19 6.921737e+13 1.847744e+14 1.654211e+13 1.343380e+16 2.872986e+12 1.194366e+17 9.236402e+12 4.466908e+13 9.852785e+06 6.990437e+12
1.745088e+14 5.106822e+04 2.203553e+08 1.217677e+04 4.530449e+19 6.325319e+15 4.584173e+18 2.261904e+22 6.254584e+19 6.008191e+13 1.803477e+14 1.964138e+13 1.452894e+16 3.274341e+12 1.234080e+17 9.154899e+12 4.480434e+13 9.327612e+06 6.486306e+12
2.025892e+14 5.205793e+04 2.295634e+08 1.136255e+04 4.732430e+19 6.578098e+15 4.256341e+18 2.099992e+22 6.691692e+19 6.739826e+13 1.842479e+14 1.770660e+13 1.403816e+16 2.771366e+12 1.184861e+17 1.079028e+13 4.777304e+13 1.037562e+07 7.526834e+12
1.833921e+14 5.361204e+04 2.250135e+08 1.312484e+04 4.995703e+19 6.100060e+15 4.753583e+18 2.194744e+22 5.773954e+19 6.892120e+13 1.692138e+14 1.776758e+13 1.437507e+16 3.088262e+12 1.312137e+17 9.024164e+12 5.132169e+13 8.865086e+06 6.457802e+12
1.896367e+14 5.269222e+04 1.955895e+08 1.156753e+04 4.882133e+19 6.488404e+15 4.542557e+18 2.123537e+22 6.420598e+19 7.173466e+13 1.586740e+14 1.690868e+13 1.319094e+16 3.171803e+12 1.293318e+17 1.049149e+13 4.725235e+13 1.025007e+07 7.033954e+12
1.879644e+14 4.881791e+04 2.367766e+08 1.329450e+04 4.278765e+19 6.175246e+15 4.843090e+18 2.080956e+22 5.598232e+19 6.921737e+13 1.847744e+14 1.654211e+13 1.343380e+16 2.872986e+12 1.194366e+17 9.236402e+12 4.466908e+13 9.852785e+06 6.990437e+12
1.744705e+14 5.107838e+04 2.203553e+08 1.217677e+04 4.530449e+19 6.325319e+15 4.584173e+18 2.261904e+22 6.254584e+19 6.008191e+13 1.803477e+14 1.964138e+13 1.452894e+16 3.274341e+12 1.234080e+17 9.154899e+12 4.480434e+13 9.327612e+06 6.486306e+12
2.025509e+14 5.206809e+04 2.295634e+08 1.136255e+04 4.732430e+19 6.578098e+15 4.256341e+18 2.099992e+22 6.691692e+19 6.739826e+13 1.842479e+14 1.770660e+13 1.403816e+16 2.771366e+12 1.184861e+17 1.079028e+13 4.777304e+13 1.037562e+07 7.526834e+12
1.833538e+14 5.362220e+04 2.250135e+08 1.312484e+04 4.995703e+19 6.100060e+15 4.753583e+18 2.194744e+22 5.773954e+19 6.892120e+13 1.692138e+14 1.776758e+13 1.437507e+16 3.088262e+12 1.312137e+17 9.024164e+12 5.132169e+13 8.865086e+06 6.457802e+12
1.895984e+14 5.270238e+04 1.955895e+08 1.156753e+04 4.882133e+19 6.488404e+15 4.542557e+18 2.123537e+22 6.420598e+19 7.173466e+13 1.586740e+14 1.690868e+13 1.319094e+16 3.171803e+12 1.293318e+17 1.049149e+13 4.725235e+13 1.025007e+07 7.033954e+12
1.879644e+14 4.880775e+04 2.368198e+08 1.329450e+04 4.278765e+19 6.175246e+15 4.843090e+18 2.080956e+22 5.598232e+19 6.921737e+13 1.847744e+14 1.654211e+13 1.343380e+16 2.872986e+12 1.194366e+17 9.236402e+12 4.466908e+13 9.852785e+06 6.990437e+12
1.744705e+14 5.106822e+04 2.203985e+08 1.217677e+04 4.530449e+19 6.325319e+15 4.584173e+18 2.261904e+22 6.254584e+19 6.008191e+13 1.803477e+14 1.964138e+13 1.452894e+16 3.274341e+12 1.234080e+17 9.154899e+12 4.480434e+13 9.327612e+06 6.486306e+12
2.025509e+14 5.205793e+04 2.296066e+08 1.136255e+04 4.732430e+19 6.578098e+15 4.256341e+18 2.099992e+22 6.691692e+19 6.739826e+13 1.842479e+14 1.770660e+13 1.403816e+16 2.771366e+12 1.184861e+17 1.079028e+13 4.777304e+13 1.037562e+07 7.526834e+12
1.833538e+14 5.361204e+04 2.250567e+08 1.312484e+04 4.995703e+19 6.100060e+15 4.753583e+18 2.194744e+22 5.773954e+19 6.892120e+13 1.692138e+14 1.776758e+13 1.437507e+16 3.088262e+12 1.312137e+17 9.024164e+12 5.132169e+13 8.865086e+06 6.457802e+12
1.895984e+14 5.269222e+04 1.956327e+08 1.156753e+04 4.882133e+19 6.488404e+15 4.542557e+18 2.123537e+22 6.420598e+19 7.173466e+13 1.586740e+14 1.690868e+13 1.319094e+16 3.171803e+12 1.293318e+17 1.049149e+13 4.725235e+13 1.025007e+07 7.033954e+12
1.879644e+14 4.880775e+04 2.367766e+08 1.329696e+04 4.278765e+19 6.175246e+15 4.843090e+18 2.080956e+22 5.598232e+19 6.921737e+13 1.847744e+14 1.654211e+13 1.343380e+16 2.872986e+12 1.194366e+17 9.236402e+12 4.466908e+13 9.852785e+06 6.990437e+12
1.744705e+14 5.106822e+04 2.203553e+08 1.217923e+04 4.530449e+19 6.325319e+15 4.584173e+18 2.261904e+22 6.254584e+19 6.008191e+13 1.803477e+14 1.964138e+13 1.452894e+16 3.274341e+12 1.234080e+17 9.154899e+12 4.480434e+13 9.327612e+06 6.486306e+12
2.025509e+14 5.205793e+04 2.295634e+08 1.136501e+04 4.732430e+19 6.578098e+15 4.256341e+18 2.099992e+22 6.691692e+19 6.739826e+13 1.842479e+14 1.770660e+13 1.403816e+16 2.771366e+12 1.184861e+17 1.079028e+13 4.777304e+13 1.037562e+07 7.526834e+12
1.833538e+14 5.361204e+04 2.250135e+08 1.312730e+04 4.995703e+19 6.100060e+15 4.753583e+18 2.194744e+22 5.773954e+19 6.892120e+13 1.692138e+14 1.776758e+13 1.437507e+16 3.088262e+12 1.312137e+17 9.024164e+12 5.132169e+13 8.865086e+06 6.457802e+12
1.895984e+14 5.269222e+04 1.955895e+08 1.156999e+04 4.882133e+19 6.488404e+15 4.542557e+18 2.123537e+22 6.420598e+19 7.173466e+13 1.586740e+14 1.690868e+13 1.319094e+16 3.171803e+12 1.293318e+17 1.049149e+13 4.725235e+13 1.025007e+07 7.033954e+12
1.879644e+14 4.880775e+04 2.367766e+08 1.329450e+04 4.279681e+19 6.175246e+15 4.843090e+18 2.080956e+22 5.598232e+19 6.921737e+13 1.847744e+14 1.654211e+13 1.343380e+16 2.872986e+12 1.194366e+17 9.236402e+12 4.466908e+13 9.852785e+06 6.990437e+12
1.744705e+14 5.106822e+04 2.203553e+08 1.217677e+04 4.531365e+19 6.325319e+15 4.584173e+18 2.261904e+22 6.254584e+19 6.008191e+13 1.803477e+14 1.964138e+13 1.452894e+16 3.274341e+12 1.234080e+17 9.154899e+12 4.480434e+13 9.327612e+06 6.486306e+12
2.025509e+14 5.205793e+04 2.295634e+08 1.136255e+04 4.733346e+19 6.578098e+15 4.256341e+18 2.099992e+22 6.691692e+19 6.739826e+13 1.842479e+14 1.770660e+13 1.403816e+16 2.771366e+12 1.184861e+17 1.079028e+13 4.777304e+13 1.037562e+07 7.526834e+12
1.833538e+14 5.361204e+04 2.250135e+08 1.312484e+04 4.996619e+19 6.100060e+15 4.753583e+18 2.194744e+22 5.773954e+19 6.892120e+13 1.692138e+14 1.776758e+13 1.437507e+16 3.088262e+12 1.312137e+17 9.024164e+12 5.132169e+13 8.865086e+06 6.457802e+12
1.895984e+14 5.269222e+04 1.955895e+08 1.156753e+04 4.883049e+19 6.488404e+15 4.542557e+18 2.123537e+22 6.420598e+19 7.173466e+13 1.586740e+14 1.690868e+13 1.319094e+16 3.171803e+12 1.293318e+17 1.049149e+13 4.725235e+13 1.025007e+07 7.033954e+12
1.879644e+14 4.880775e+04 2.367766e+08 1.329450e+04 4.278765e+19 6.176479e+15 4.843090e+18 2.080956e+22 5.598232e+19 6.921737e+13 1.847744e+14 1.654211e+13 1.343380e+16 2.872986e+12 1.194366e+17 9.236402e+12 4.466908e+13 9.852785e+06 6.990437e+12
1.744705e+14 5.106822e+04 2.203553e+08 1.217677e+04 4.530449e+19 6.326552e+15 4.584173e+18 2.261904e+22 6.254584e+19 6.008191e+13 1.803477e+14 1.964138e+13 1.452894e+16 3.274341e+12 1.234080e+17 9.154899e+12 4.480434e+13 9.327612e+06 6.486306e+12
2.025509e+14 5.205793e+04 2.295634e+08 1.136255e+04 4.732430e+19 6.579331e+15 4.256341e+18 2.099992e+22 6.691692e+19 6.739826e+13 1.842479e+14 1.770660e+13 1.403816e+16 2.771366e+12 1.184861e+17 1.079028e+13 4.777304e+13 1.037562e+07 7.526834e+12
1.833538e+14 5.361204e+04 2.250135e+08 1.312484e+04 4.995703e+19 6.101293e+15 4.753583e+18 2.194744e+22 5.773954e+19 6.892120e+13 1.692138e+14 1.776758e+13 1.437507e+16 3.088262e+12 1.312137e+17 9.024164e+12 5.132169e+13 8.865086e+06 6.457802e+12
1.895984e+14 5.269222e+04 1.955895e+08 1.156753e+04 4.882133e+19 6.489637e+15 4.542557e+18 2.123537e+22 6.420598e+19 7.173466e+13 1.586740e+14 1.690868e+13 1.319094e+16 3.171803e+12 1.293318e+17 1.049149e+13 4.725235e+13 1.025007e+07 7.033954e+12
1.879644e+14 4.880775e+04 2.367766e+08 1.329450e+04 4.278765e+19 6.175246e+15 4.844033e+18 2.080956e+22 5.598232e+19 6.921737e+13 1.847744e+14 1.654211e+13 1.343380e+16 2.872986e+12 1.194366e+17 9.236402e+12 4.466908e+13 9.852785e+06 6.990437e+12
1.744705e+14 5.106822e+04 2.203553e+08 1.217677e+04 4.530449e+19 6.325319e+15 4.585115e+18 2.261904e+22 6.254584e+19 6.008191e+13 1.803477e+14 1.964138e+13 1.452894e+16 3.274341e+12 1.234080e+17 9.154899e+12 4.480434e+13 9.327612e+06 6.486306e+12
2.025509e+14 5.205793e+04 2.295634e+08 1.136255e+04 4.732430e+19 6.578098e+15 4.257284e+18 2.099992e+22 6.691692e+19 6.739826e+13 1.842479e+14 1.770660e+13 1.403816e+16 2.771366e+12 1.184861e+17 1.079028e+13 4.777304e+13 1.037562e+07 7.526834e+12
1.833538e+14 5.361204e+04 2.250135e+08 1.312484e+04 4.995703e+19 6.100060e+15 4.754526e+18 2.194744e+22 5.773954e+19 6.892120e+13 1.692138e+14 1.776758e+13 1.437507e+16 3.088262e+12 1.312137e+17 9.024164e+12 5.132169e+13 8.865086e+06 6.457802e+12
1.895984e+14 5.269222e+04 1.955895e+08 1.156753e+04 4.882133e+19 6.488404e+15 4.543500e+18 2.123537e+22 6.420598e+19 7.173466e+13 1.586740e+14 1.690868e+13 1.319094e+16 3.171803e+12 1.293318e+17 1.049149e+13 4.725235e+13 1.025007e+07 7.033954e+12
1.879644e+14 4.880775e+04 2.367766e+08 1.329450e+04 4.278765e+19 6.175246e+15 4.843090e+18 2.081404e+22 5.598232e+19 6.921737e+13 1.847744e+14 1.654211e+13 1.343380e+16 2.872986e+12 1.194366e+17 9.236402e+12 4.466908e+13 9.852785e+06 6.990437e+12
1.744705e+14 5.106822e+04 2.203553e+08 1.217677e+04 4.530449e+19 6.325319e+15 4.584173e+18 2.262352e+22 6.254584e+19 6.008191e+13 1.803477e+14 1.964138e+13 1.452894e+16 3.274341e+12 1.234080e+17 9.154899e+12 4.480434e+13 9.327612e+06 6.486306e+12
2.025509e+14 5.205793e+04 2.295634e+08 1.136255e+04 4.732430e+19 6.578098e+15 4.256341e+18 2.100440e+22 6.691692e+19 6.739826e+13 1.842479e+14 1.770660e+13 1.403816e+16 2.771366e+12 1.184861e+17 1.079028e+13 4.777304e+13 1.037562e+07 7.526834e+12
1.833538e+14 5.361204e+04 2.250135e+08 1.312484e+04 4.995703e+19 6.100060e+15 4.753583e+18 2.195192e+22 5.773954e+19 6.892120e+13 1.692138e+14 1.776758e+13 1.437507e+16 3.088262e+12 1.312137e+17 9.024164e+12 5.132169e+13 8.865086e+06 6.457802e+12
1.895984e+14 5.269222e+04 1.955895e+08 1.156753e+04 4.882133e+19 6.488404e+15 4.542557e+18 2.123985e+22 6.420598e+19 7.173466e+13 1.586740e+14 1.690868e+13 1.319094e+16 3.171803e+12 1.293318e+17 1.049149e+13 4.725235e+13 1.025007e+07 7.033954e+12
1.879644e+14 4.880775e+04 2.367766e+08 1.329450e+04 4.278765e+19 6.175246e+15 4.843090e+18 2.080956e+22 5.599466e+19 6.921737e+13 1.847744e+14 1.654211e+13 1.343380e+16 2.872986e+12 1.194366e+17 9.236402e+12 4.466908e+13 9.852785e+06 6.990437e+12
1.744705e+14 5.106822e+04 2.203553e+08 1.217677e+04 4.530449e+19 6.325319e+15 4.584173e+18 2.261904e+22 6.255818e+19 6.008191e+13 1.803477e+14 1.964138e+13 1.452894e+16 3.274341e+12 1.234080e+17 9.154899e+12 4.480434e+13 9.327612e+06 6.486306e+12
2.025509e+14 5.205793e+04 2.295634e+08 1.136255e+04 4.732430e+19 6.578098e+15 4.256341e+18 2.099992e+22 6.692926e+19 6.739826e+13 1.842479e+14 1.770660e+13 1.403816e+16 2.771366e+12 1.184861e+17 1.079028e+13 4.777304e+13 1.037562e+07 7.526834e+12
1.833538e+14 5.361204e+04 2.250135e+08 1.312484e+04 4.995703e+19 6.100060e+15 4.753583e+18 2.194744e+22 5.775188e+19 6.892120e+13 1.692138e+14 1.776758e+13 1.437507e+16 3.088262e+12 1.312137e+17 9.024164e+12 5.132169e+13 8.865086e+06 6.457802e+12
1.895984e+14 5.269222e+04 1.955895e+08 1.156753e+04 4.882133e+19 6.488404e+15 4.542557e+18 2.123537e+22 6.421832e+19 7.173466e+13 1.586740e+14 1.690868e+13 1.319094e+16 3.171803e+12 1.293318e+17 1.049149e+13 4.725235e+13 1.025007e+07 7.033954e+12
1.879644e+14 4.880775e+04 2.367766e+08 1.329450e+04 4.278765e+19 6.175246e+15 4.843090e+18 2.080956e+22 5.598232e+19 6.923063e+13 1.847744e+14 1.654211e+13 1.343380e+16 2.872986e+12 1.194366e+17 9.236402e+12 4.466908e+13 9.852785e+06 6.990437e+12
1.744705e+14 5.106822e+04 2.203553e+08 1.217677e+04 4.530449e+19 6.325319e+15 4.584173e+18 2.261904e+22 6.254584e+19 6.009517e+13 1.803477e+14 1.964138e+13 1.452894e+16 3.274341e+12 1.234080e+17 9.154899e+12 4.480434e+13 9.327612e+06 6.486306e+12
2.025509e+14 5.205793e+04 2.295634e+08 1.136255e+04 4.732430e+19 6.578098e+15 4.256341e+18 2.099992e+22 6.691692e+19 6.741152e+13 1.842479e+14 1.770660e+13 1.403816e+16 2.771366e+12 1.184861e+17 1.079028e+13 4.777304e+13 1.037562e+07 7.526834e+12
1.833538e+14 5.361204e+04 2.250135e+08 1.312484e+04 4.995703e+19 6.100060e+15 4.753583e+18 2.194744e+22 5.773954e+19 6.893446e+13 1.692138e+14 1.776758e+13 1.437507e+16 3.088262e+12 1.312137e+17 9.024164e+12 5.132169e+13 8.865086e+06 6.457802e+12
1.895984e+14 5.269222e+04 1.955895e+08 1.156753e+04 4.882133e+19 6.488404e+15 4.542557e+18 2.123537e+22 6.420598e+19 7.174792e+13 1.586740e+14 1.690868e+13 1.319094e+16 3.171803e+12 1.293318e+17 1.049149e+13 4.725235e+13 1.025007e+07 7.033954e+12
1.879644e+14 4.880775e+04 2.367766e+08 1.329450e+04 4.278765e+19 6.175246e+15 4.843090e+18 2.080956e+22 5.598232e+19 6.921737e+13 1.848082e+14 1.654211e+13 1.343380e+16 2.872986e+12 1.194366e+17 9.236402e+12 4.466908e+13 9.852785e+06 6.990437e+12
1.744705e+14 5.106822e+04 2.203553e+08 1.217677e+04 4.530449e+19 6.325319e+15 4.584173e+18 2.261904e+22 6.254584e+19 6.008191e+13 1.803815e+14 1.964138e+13 1.452894e+16 3.274341e+12 1.234080e+17 9.154899e+12 4.480434e+13 9.327612e+06 6.486306e+12
2.025509e+14 5.205793e+04 2.295634e+08 1.136255e+04 4.732430e+19 6.578098e+15 4.256341e+18 2.099992e+22 6.691692e+19 6.739826e+13 1.842817e+14 1.770660e+13 1.403816e+16 2.771366e+12 1.184861e+17 1.079028e+13 4.777304e+13 1.037562e+07 7.526834e+12
1.833538e+14 5.361204e+04 2.250135e+08 1.312484e+04 4.995703e+19 6.100060e+15 4.753583e+18 2.194744e+22 5.773954e+19 6.892120e+13 1.692476e+14 1.776758e+13 1.437507e+16 3.088262e+12 1.312137e+17 9.024164e+12 5.132169e+13 8.865086e+06 6.457802e+12
1.895984e+14 5.269222e+04 1.955895e+08 1.156753e+04 4.882133e+19 6.488404e+15 4.542557e+18 2.123537e+22 6.420598e+19 7.173466e+13 1.587078e+14 1.690868e+13 1.319094e+16 3.171803e+12 1.293318e+17 1.049149e+13 4.725235e+13 1.025007e+07 7.033954e+12
1.879644e+14 4.880775e+04 2.367766e+08 1.329450e+04 4.278765e+19 6.175246e+15 4.843090e+18 2.080956e+22 5.598232e+19 6.921737e+13 1.847744e+14 1.654573e+13 1.343380e+16 2.872986e+12 1.194366e+17 9.236402e+12 4.466908e+13 9.852785e+06 6.990437e+12
1.744705e+14 5.106822e+04 2.203553e+08 1.217677e+04 4.530449e+19 6.325319e+15 4.584173e+18 2.261904e+22 6.254584e+19 6.008191e+13 1.803477e+14 1.964500e+13 1.452894e+16 3.274341e+12 1.234080e+17 9.154899e+12 4.480434e+13 9.327612e+06 6.486306e+12
2.025509e+14 5.205793e+04 2.295634e+08 1.136255e+04 4.732430e+19 6.578098e+15 4.256341e+18 2.099992e+22 6.691692e+19 6.739826e+13 1.842479e+14 1.771022e+13 1.403816e+16 2.771366e+12 1.184861e+17 1.079028e+13 4.777304e+13 1.037562e+07 7.526834e+12
1.833538e+14 5.361204e+04 2.250135e+08 1.312484e+04 4.995703e+19 6.100060e+15 4.753583e+18 2.194744e+22 5.773954e+19 6.892120e+13 1.692138e+14 1.777120e+13 1.437507e+16 3.088262e+12 1.312137e+17 9.024164e+12 5.132169e+13 8.865086e+06 6.457802e+12
1.895984e+14 5.269222e+04 1.955895e+08 1.156753e+04 4.882133e+19 6.488404e+15 4.542557e+18 2.123537e+22 6.420598e+19 7.173466e+13 1.586740e+14 1.691230e+13 1.319094e+16 3.171803e+12 1.293318e+17 1.049149e+13 4.725235e+13 1.025007e+07 7.033954e+12
1.879644e+14 4.880775e+04 2.367766e+08 1.329450e+04 4.278765e+19 6.175246e+15 4.843090e+18 2.080956e+22 5.598232e+19 6.921737e+13 1.847744e+14 1.654211e+13 1.343670e+16 2.872986e+12 1.194366e+17 9.236402e+12 4.466908e+13 9.852785e+06 6.990437e+12
1.744705e+14 5.106822e+04 2.203553e+08 1.217677e+04 4.530449e+19 6.325319e+15 4.584173e+18 2.261904e+22 6.254584e+19 6.008191e+13 1.803477e+14 1.964138e+13 1.453184e+16 3.274341e+12 1.234080e+17 9.154899e+12 4.480434e+13 9.327612e+06 6.486306e+12
2.025509e+14 5.205793e+04 2.295634e+08 1.136255e+04 4.732430e+19 6.578098e+15 4.256341e+18 2.099992e+22 6.691692e+19 6.739826e+13 1.842479e+14 1.770660e+13 1.404106e+16 2.771366e+12 1.184861e+17 1.079028e+13 4.777304e+13 1.037562e+07 7.526834e+12
1.833538e+14 5.361204e+04 2.250135e+08 1.312484e+04 4.995703e+19 6.100060e+15 4.753583e+18 2.194744e+22 5.773954e+19 6.892120e+13 1.692138e+14 1.776758e+13 1.437797e+16 3.088262e+12 1.312137e+17 9.024164e+12 5.132169e+13 8.865086e+06 6.457802e+12
1.895984e+14 5.269222e+04 1.955895e+08 1.156753e+04 4.882133e+19 6.488404e+15 4.542557e+18 2.123537e+22 6.420598e+19 7.173466e+13 1.586740e+14 1.690868e+13 1.319384e+16 3.171803e+12 1.293318e+17 1.049149e+13 4.725235e+13 1.025007e+07 7.033954e+12
1.879644e+14 4.880775e+04 2.367766e+08 1.329450e+04 4.278765e+19 6.175246e+15 4.843090e+18 2.080956e+22 5.598232e+19 6.921737e+13 1.847744e+14 1.654211e+13 1.343380e+16 2.873590e+12 1.194366e+17 9.236402e+12 4.466908e+13 9.852785e+06 6.990437e+12
1.744705e+14 5.106822e+04 2.203553e+08 1.217677e+04 4.530449e+19 6.325319e+15 4.584173e+18 2.261904e+22 6.254584e+19 6.008191e+13 1.803477e+14 1.964138e+13 1.452894e+16 3.274945e+12 1.234080e+17 9.154899e+12 4.480434e+13 9.327612e+06 6.486306e+12
2.025509e+14 5.205793e+04 2.295634e+08 1.136255e+04 4.732430e+19 6.578098e+15 4.256341e+18 2.099992e+22 6.691692e+19 6.739826e+13 1.842479e+14 1.770660e+13 1.403816e+16 2.771970e+12 1.184861e+17 1.079028e+13 4.777304e+13 1.037562e+07 7.526834e+12
1.833538e+14 5.361204e+04 2.250135e+08 1.312484e+04 4.995703e+19 6.100060e+15 4.753583e+18 2.194744e+22 5.773954e+19 6.892120e+13 1.692138e+14 1.776758e+13 1.437507e+16 3.088866e+12 1.312137e+17 9.024164e+12 5.132169e+13 8.865086e+06 6.457802e+12
1.895984e+14 5.269222e+04 1.955895e+08 1.156753e+04 4.882133e+19 6.488404e+15 4.542557e+18 2.123537e+22 6.420598e+19 7.173466e+13 1.586740e+14 1.690868e+13 1.319094e+16 3.172407e+12 1.293318e+17 1.049149e+13 4.725235e+13 1.025007e+07 7.033954e+12
1.879644e+14 4.880775e+04 2.367766e+08 1.329450e+04 4.278765e+19 6.175246e+15 4.843090e+18 2.080956e+22 5.598232e+19 6.921737e+13 1.847744e+14 1.654211e+13 1.343380e+16 2.872986e+12 1.194606e+17 9.236402e+12 4.466908e+13 9.852785e+06 6.990437e+12
1.744705e+14 5.106822e+04 2.203553e+08 1.217677e+04 4.530449e+19 6.325319e+15 4.584173e+18 2.261904e+22 6.254584e+19 6.008191e+13 1.803477e+14 1.964138e+13 1.452894e+16 3.274341e+12 1.234320e+17 9.154899e+12 4.480434e+13 9.327612e+06 6.486306e+12
2.025509e+14 5.205793e+04 2.295634e+08 1.136255e+04 4.732430e+19 6.578098e+15 4.256341e+18 2.099992e+22 6.691692e+19 6.739826e+13 1.842479e+14 1.770660e+13 1.403816e+16 2.771366e+12 1.185102e+17 1.079028e+13 4.777304e+13 1.037562e+07 7.526834e+12
1.833538e+14 5.361204e+04 2.250135e+08 1.312484e+04 4.995703e+19 6.100060e+15 4.753583e+18 2.194744e+22 5.773954e+19 6.892120e+13 1.692138e+14 1.776758e+13 1.437507e+16 3.088262e+12 1.312378e+17 9.024164e+12 5.132169e+13 8.865086e+06 6.457802e+12
1.895984e+14 5.269222e+04 1.955895e+08 1.156753e+04 4.882133e+19 6.488404e+15 4.542557e+18 2.123537e+22 6.420598e+19 7.173466e+13 1.586740e+14 1.690868e+13 1.319094e+16 3.171803e+12 1.293558e+17 1.049149e+13 4.725235e+13 1.025007e+07 7.033954e+12
1.879644e+14 4.880775e+04 2.367766e+08 1.329450e+04 4.278765e+19 6.175246e+15 4.843090e+18 2.080956e+22 5.598232e+19 6.921737e+13 1.847744e+14 1.654211e+13 1.343380e+16 2.872986e+12 1.194366e+17 9.238402e+12 4.466908e+13 9.852785e+06 6.990437e+12
1.744705e+14 5.106822e+04 2.203553e+08 1.217677e+04 4.530449e+19 6.325319e+15 4.584173e+18 2.261904e+22 6.254584e+19 6.008191e+13 1.803477e+14 1.964138e+13 1.452894e+16 3.274341e+12 1.234080e+17 9.156899e+12 4.480434e+13 9.327612e+06 6.486306e+12
2.025509e+14 5.205793e+04 2.295634e+08 1.136255e+04 4.732430e+19 6.578098e+15 4.256341e+18 2.099992e+22 6.691692e+19 6.739826e+13 1.842479e+14 1.770660e+13 1.403816e+16 2.771366e+12 1.184861e+17 1.079228e+13 4.777304e+13 1.037562e+07 7.526834e+12
1.833538e+14 5.361204e+04 2.250135e+08 1.312484e+04 4.995703e+19 6.100060e+15 4.753583e+18 2.194744e+22 5.773954e+19 6.892120e+13 1.692138e+14 1.776758e+13 1.437507e+16 3.088262e+12 1.312137e+17 9.026164e+12 5.132169e+13 8.865086e+06 6.457802e+12
1.895984e+14 5.269222e+04 1.955895e+08 1.156753e+04 4.882133e+19 6.488404e+15 4.542557e+18 2.123537e+22 6.420598e+19 7.173466e+13 1.586740e+14 1.690868e+13 1.319094e+16 3.171803e+12 1.293318e+17 1.049349e+13 4.725235e+13 1.025007e+07 7.033954e+12
1.879644e+14 4.880775e+04 2.367766e+08 1.329450e+04 4.278765e+19 6.175246e+15 4.843090e+18 2.080956e+22 5.598232e+19 6.921737e+13 1.847744e+14 1.654211e+13 1.343380e+16 2.872986e+12 1.194366e+17 9.236402e+12 4.467872e+13 9.852785e+06 6.990437e+12
1.744705e+14 5.106822e+04 2.203553e+08 1.217677e+04 4.530449e+19 6.325319e+15 4.584173e+18 2.261904e+22 6.254584e+19 6.008191e+13 1.803477e+14 1.964138e+13 1.452894e+16 3.274341e+12 1.234080e+17 9.154899e+12 4.481398e+13 9.327612e+06 6.486306e+12
2.025509e+14 5.205793e+04 2.295634e+08 1.136255e+04 4.732430e+19 6.578098e+15 4.256341e+18 2.099992e+22 6.691692e+19 6.739826e+13 1.842479e+14 1.770660e+13 1.403816e+16 2.771366e+12 1.184861e+17 1.079028e+13 4.778268e+13 1.037562e+07 7.526834e+12
1.833538e+14 5.361204e+04 2.250135e+08 1.312484e+04 4.995703e+19 6.100060e+15 4.753583e+18 2.194744e+22 5.773954e+19 6.892120e+13 1.692138e+14 1.776758e+13 1.437507e+16 3.088262e+12 1.312137e+17 9.024164e+12 5.133133e+13 8.865086e+06 6.457802e+12
1.895984e+14 5.269222e+04 1.955895e+08 1.156753e+04 4.882133e+19 6.488404e+15 4.542557e+18 2.123537e+22 6.420598e+19 7.173466e+13 1.586740e+14 1.690868e+13 1.319094e+16 3.171803e+12 1.293318e+17 1.049149e+13 4.726199e+13 1.025007e+07 7.033954e+12
1.879644e+14 4.880775e+04 2.367766e+08 1.329450e+04 4.278765e+19 6.175246e+15 4.843090e+18 2.080956e+22 5.598232e+19 6.921737e+13 1.847744e+14 1.654211e+13 1.343380e+16 2.872986e+12 1.194366e+17 9.236402e+12 4.466908e+13 9.854695e+06 6.990437e+12
1.744705e+14 5.106822e+04 2.203553e+08 1.217677e+04 4.530449e+19 6.325319e+15 4.584173e+18 2.261904e+22 6.254584e+19 6.008191e+13 1.803477e+14 1.964138e+13 1.452894e+16 3.274341e+12 1.234080e+17 9.154899e+12 4.480434e+13 9.329522e+06 6.486306e+12
2.025509e+14 5.205793e+04 2.295634e+08 1.136255e+04 4.732430e+19 6.578098e+15 4.256341e+18 2.099992e+22 6.691692e+19 6.739826e+13 1.842479e+14 1.770660e+13 1.403816e+16 2.771366e+12 1.184861e+17 1.079028e+13 4.777304e+13 1.037753e+07 7.526834e+12
1.833538e+14 5.361204e+04 2.250135e+08 1.312484e+04 4.995703e+19 6.100060e+15 4.753583e+18 2.194744e+22 5.773954e+19 6.892120e+13 1.692138e+14 1.776758e+13 1.437507e+16 3.088262e+12 1.312137e+17 9.024164e+12 5.132169e+13 8.866996e+06 6.457802e+12
1.895984e+14 5.269222e+04 1.955895e+08 1.156753e+04 4.882133e+19 6.488404e+15 4.542557e+18 2.123537e+22 6.420598e+19 7.173466e+13 1.586740e+14 1.690868e+13 1.319094e+16 3.171803e+12 1.293318e+17 1.049149e+13 4.725235e+13 1.025198e+07 7.033954e+12
1.879644e+14 4.880775e+04 2.367766e+08 1.329450e+04 4.278765e+19 6.175246e+15 4.843090e+18 2.080956e+22 5.598232e+19 6.921737e+13 1.847744e+14 1.654211e+13 1.343380e+16 2.872986e+12 1.194366e+17 9.236402e+12 4.466908e+13 9.852785e+06 6.991837e+12
1.744705e+14 5.106822e+04 2.203553e+08 1.217677e+04 4.530449e+19 6.325319e+15 4.584173e+18 2.261904e+22 6.254584e+19 6.008191e+13 1.803477e+14 1.964138e+13 1.452894e+16 3.274341e+12 1.234080e+17 9.154899e+12 4.480434e+13 9.327612e+06 6.487706e+12
2.025509e+14 5.205793e+04 2.295634e+08 1.136255e+04 4.732430e+19 6.578098e+15 4.256341e+18 2.099992e+22 6.691692e+19 6.739826e+13 1.842479e+14 1.770660e+13 1.403816e+16 2.771366e+12 1.184861e+17 1.079028e+13 4.777304e+13 1.037562e+07 7.528234e+12
1.833538e+14 5.361204e+04 2.250135e+08 1.312484e+04 4.995703e+19 6.100060e+15 4.753583e+18 2.194744e+22 5.773954e+19 6.892120e+13 1.692138e+14 1.776758e+13 1.437507e+16 3.088262e+12 1.312137e+17 9.024164e+12 5.132169e+13 8.865086e+06 6.459202e+12
1.895984e+14 5.269222e+04 1.955895e+08 1.156753e+04 4.882133e+19 6.488404e+15 4.542557e+18 2.123537e+22 6.420598e+19 7.173466e+13 1.586740e+14 1.690868e+13 1.319094e+16 3.171803e+12 1.293318e+17 1.049149e+13 4.725235e+13 1.025007e+07 7.035354e+12
