2.018916e+14 4.800393e+04 2.240075e+08 1.257681e+04 4.615945e+19 6.083639e+15 5.001764e+18 2.150714e+22 6.228721e+19 6.967663e+13 1.653675e+14 1.970822e+13 1.478238e+16 2.933738e+12 1.091406e+17 9.086195e+12 4.921777e+13 8.643514e+06 6.965185e+12
1.731448e+14 4.773232e+04 2.355866e+08 1.284552e+04 4.249442e+19 6.310207e+15 4.734409e+18 2.067065e+22 6.564000e+19 6.359445e+13 1.552590e+14 1.986520e+13 1.566821e+16 2.766086e+12 1.185050e+17 1.075983e+13 4.832982e+13 9.173849e+06 6.709917e+12
1.966187e+14 5.344699e+04 1.945706e+08 1.178802e+04 4.461056e+19 6.181199e+15 5.099274e+18 2.387249e+22 5.798501e+19 7.139100e+13 1.798534e+14 1.794182e+13 1.460022e+16 2.902498e+12 1.157508e+17 1.052648e+13 4.914315e+13 9.057365e+06 6.389951e+12
2.010292e+14 4.743817e+04 2.165267e+08 1.332772e+04 4.736402e+19 6.350440e+15 4.543576e+18 2.037010e+22 6.610353e+19 6.398628e+13 1.572089e+14 1.928056e+13 1.476158e+16 2.917754e+12 1.234812e+17 1.075619e+13 4.590776e+13 9.659974e+06 7.670347e+12
1.914428e+14 4.661753e+04 2.295052e+08 1.282786e+04 4.523754e+19 6.289581e+15 4.327885e+18 2.296577e+22 5.986939e+19 6.185811e+13 1.650831e+14 1.719997e+13 1.316392e+16 3.185393e+12 1.165062e+17 9.835018e+12 4.628040e+13 9.675118e+06 6.775591e+12
2.019299e+14 4.800393e+04 2.240075e+08 1.257681e+04 4.615945e+19 6.083639e+15 5.001764e+18 2.150714e+22 6.228721e+19 6.967663e+13 1.653675e+14 1.970822e+13 1.478238e+16 2.933738e+12 1.091406e+17 9.086195e+12 4.921777e+13 8.643514e+06 6.965185e+12
1.731831e+14 4.773232e+04 2.355866e+08 1.284552e+04 4.249442e+19 6.310207e+15 4.734409e+18 2.067065e+22 6.564000e+19 6.359445e+13 1.552590e+14 1.986520e+13 1.566821e+16 2.766086e+12 1.185050e+17 1.075983e+13 4.832982e+13 9.173849e+06 6.709917e+12
1.966570e+14 5.344699e+04 1.945706e+08 1.178802e+04 4.461056e+19 6.181199e+15 5.099274e+18 2.387249e+22 5.798501e+19 7.139100e+13 1.798534e+14 1.794182e+13 1.460022e+16 2.902498e+12 1.157508e+17 1.052648e+13 4.914315e+13 9.057365e+06 6.389951e+12
2.010675e+14 4.743817e+04 2.165267e+08 1.332772e+04 4.736402e+19 6.350440e+15 4.543576e+18 2.037010e+22 6.610353e+19 6.398628e+13 1.572089e+14 1.928056e+13 1.476158e+16 2.917754e+12 1.234812e+17 1.075619e+13 4.590776e+13 9.659974e+06 7.670347e+12
1.914811e+14 4.661753e+04 2.295052e+08 1.282786e+04 4.523754e+19 6.289581e+15 4.327885e+18 2.296577e+22 5.986939e+19 6.185811e+13 1.650831e+14 1.719997e+13 1.316392e+16 3.185393e+12 1.165062e+17 9.835018e+12 4.628040e+13 9.675118e+06 6.775591e+12
2.018916e+14 4.801409e+04 2.240075e+08 1.257681e+04 4.615945e+19 6.083639e+15 5.001764e+18 2.150714e+22 6.228721e+19 6.967663e+13 1.653675e+14 1.970822e+13 1.478238e+16 2.933738e+12 1.091406e+17 9.086195e+12 4.921777e+13 8.643514e+06 6.965185e+12
1.731448e+14 4.774248e+04 2.355866e+08 1.284552e+04 4.249442e+19 6.310207e+15 4.734409e+18 2.067065e+22 6.564000e+19 6.359445e+13 1.552590e+14 1.986520e+13 1.566821e+16 2.766086e+12 1.185050e+17 1.075983e+13 4.832982e+13 9.173849e+06 6.709917e+12
1.966187e+14 5.345715e+04 1.945706e+08 1.178802e+04 4.461056e+19 6.181199e+15 5.099274e+18 2.387249e+22 5.798501e+19 7.139100e+13 1.798534e+14 1.794182e+13 1.460022e+16 2.902498e+12 1.157508e+17 1.052648e+13 4.914315e+13 9.057365e+06 6.389951e+12
2.010292e+14 4.744833e+04 2.165267e+08 1.332772e+04 4.736402e+19 6.350440e+15 4.543576e+18 2.037010e+22 6.610353e+19 6.398628e+13 1.572089e+14 1.928056e+13 1.476158e+16 2.917754e+12 1.234812e+17 1.075619e+13 4.590776e+13 9.659974e+06 7.670347e+12
1.914428e+14 4.662769e+04 2.295052e+08 1.282786e+04 4.523754e+19 6.289581e+15 4.327885e+18 2.296577e+22 5.986939e+19 6.185811e+13 1.650831e+14 1.719997e+13 1.316392e+16 3.185393e+12 1.165062e+17 9.835018e+12 4.628040e+13 9.675118e+06 6.775591e+12
2.018916e+14 4.800393e+04 2.240507e+08 1.257681e+04 4.615945e+19 6.083639e+15 5.001764e+18 2.150714e+22 6.228721e+19 6.967663e+13 1.653675e+14 1.970822e+13 1.478238e+16 2.933738e+12 1.091406e+17 9.086195e+12 4.921777e+13 8.643514e+06 6.965185e+12
1.731448e+14 4.773232e+04 2.356298e+08 1.284552e+04 4.249442e+19 6.310207e+15 4.734409e+18 2.067065e+22 6.564000e+19 6.359445e+13 1.552590e+14 1.986520e+13 1.566821e+16 2.766086e+12 1.185050e+17 1.075983e+13 4.832982e+13 9.173849e+06 6.709917e+12
1.966187e+14 5.344699e+04 1.946138e+08 1.178802e+04 4.461056e+19 6.181199e+15 5.099274e+18 2.387249e+22 5.798501e+19 7.139100e+13 1.798534e+14 1.794182e+13 1.460022e+16 2.902498e+12 1.157508e+17 1.052648e+13 4.914315e+13 9.057365e+06 6.389951e+12
2.010292e+14 4.743817e+04 2.165699e+08 1.332772e+04 4.736402e+19 6.350440e+15 4.543576e+18 2.037010e+22 6.610353e+19 6.398628e+13 1.572089e+14 1.928056e+13 1.476158e+16 2.917754e+12 1.234812e+17 1.075619e+13 4.590776e+13 9.659974e+06 7.670347e+12
1.914428e+14 4.661753e+04 2.295484e+08 1.282786e+04 4.523754e+19 6.289581e+15 4.327885e+18 2.296577e+22 5.986939e+19 6.185811e+13 1.650831e+14 1.719997e+13 1.316392e+16 3.185393e+12 1.165062e+17 9.835018e+12 4.628040e+13 9.675118e+06 6.775591e+12
2.018916e+14 4.800393e+04 2.240075e+08 1.257927e+04 4.615945e+19 6.083639e+15 5.001764e+18 2.150714e+22 6.228721e+19 6.967663e+13 1.653675e+14 1.970822e+13 1.478238e+16 2.933738e+12 1.091406e+17 9.086195e+12 4.921777e+13 8.643514e+06 6.965185e+12
1.731448e+14 4.773232e+04 2.355866e+08 1.284798e+04 4.249442e+19 6.310207e+15 4.734409e+18 2.067065e+22 6.564000e+19 6.359445e+13 1.552590e+14 1.986520e+13 1.566821e+16 2.766086e+12 1.185050e+17 1.075983e+13 4.832982e+13 9.173849e+06 6.709917e+12
1.966187e+14 5.344699e+04 1.945706e+08 1.179048e+04 4.461056e+19 6.181199e+15 5.099274e+18 2.387249e+22 5.798501e+19 7.139100e+13 1.798534e+14 1.794182e+13 1.460022e+16 2.902498e+12 1.157508e+17 1.052648e+13 4.914315e+13 9.057365e+06 6.389951e+12
2.010292e+14 4.743817e+04 2.165267e+08 1.333018e+04 4.736402e+19 6.350440e+15 4.543576e+18 2.037010e+22 6.610353e+19 6.398628e+13 1.572089e+14 1.928056e+13 1.476158e+16 2.917754e+12 1.234812e+17 1.075619e+13 4.590776e+13 9.659974e+06 7.670347e+12
1.914428e+14 4.661753e+04 2.295052e+08 1.283032e+04 4.523754e+19 6.289581e+15 4.327885e+18 2.296577e+22 5.986939e+19 6.185811e+13 1.650831e+14 1.719997e+13 1.316392e+16 3.185393e+12 1.165062e+17 9.835018e+12 4.628040e+13 9.675118e+06 6.775591e+12
2.018916e+14 4.800393e+04 2.240075e+08 1.257681e+04 4.616861e+19 6.083639e+15 5.001764e+18 2.150714e+22 6.228721e+19 6.967663e+13 1.653675e+14 1.970822e+13 1.478238e+16 2.933738e+12 1.091406e+17 9.086195e+12 4.921777e+13 8.643514e+06 6.965185e+12
1.731448e+14 4.773232e+04 2.355866e+08 1.284552e+04 4.250358e+19 6.310207e+15 4.734409e+18 2.067065e+22 6.564000e+19 6.359445e+13 1.552590e+14 1.986520e+13 1.566821e+16 2.766086e+12 1.185050e+17 1.075983e+13 4.832982e+13 9.173849e+06 6.709917e+12
1.966187e+14 5.344699e+04 1.945706e+08 1.178802e+04 4.461972e+19 6.181199e+15 5.099274e+18 2.387249e+22 5.798501e+19 7.139100e+13 1.798534e+14 1.794182e+13 1.460022e+16 2.902498e+12 1.157508e+17 1.052648e+13 4.914315e+13 9.057365e+06 6.389951e+12
2.010292e+14 4.743817e+04 2.165267e+08 1.332772e+04 4.737317e+19 6.350440e+15 4.543576e+18 2.037010e+22 6.610353e+19 6.398628e+13 1.572089e+14 1.928056e+13 1.476158e+16 2.917754e+12 1.234812e+17 1.075619e+13 4.590776e+13 9.659974e+06 7.670347e+12
1.914428e+14 4.661753e+04 2.295052e+08 1.282786e+04 4.524669e+19 6.289581e+15 4.327885e+18 2.296577e+22 5.986939e+19 6.185811e+13 1.650831e+14 1.719997e+13 1.316392e+16 3.185393e+12 1.165062e+17 9.835018e+12 4.628040e+13 9.675118e+06 6.775591e+12
2.018916e+14 4.800393e+04 2.240075e+08 1.257681e+04 4.615945e+19 6.084872e+15 5.001764e+18 2.150714e+22 6.228721e+19 6.967663e+13 1.653675e+14 1.970822e+13 1.478238e+16 2.933738e+12 1.091406e+17 9.086195e+12 4.921777e+13 8.643514e+06 6.965185e+12
1.731448e+14 4.773232e+04 2.355866e+08 1.284552e+04 4.249442e+19 6.311440e+15 4.734409e+18 2.067065e+22 6.564000e+19 6.359445e+13 1.552590e+14 1.986520e+13 1.566821e+16 2.766086e+12 1.185050e+17 1.075983e+13 4.832982e+13 9.173849e+06 6.709917e+12
1.966187e+14 5.344699e+04 1.945706e+08 1.178802e+04 4.461056e+19 6.182432e+15 5.099274e+18 2.387249e+22 5.798501e+19 7.139100e+13 1.798534e+14 1.794182e+13 1.460022e+16 2.902498e+12 1.157508e+17 1.052648e+13 4.914315e+13 9.057365e+06 6.389951e+12
2.010292e+14 4.743817e+04 2.165267e+08 1.332772e+04 4.736402e+19 6.351673e+15 4.543576e+18 2.037010e+22 6.610353e+19 6.398628e+13 1.572089e+14 1.928056e+13 1.476158e+16 2.917754e+12 1.234812e+17 1.075619e+13 4.590776e+13 9.659974e+06 7.670347e+12
1.914428e+14 4.661753e+04 2.295052e+08 1.282786e+04 4.523754e+19 6.290814e+15 4.327885e+18 2.296577e+22 5.986939e+19 6.185811e+13 1.650831e+14 1.719997e+13 1.316392e+16 3.185393e+12 1.165062e+17 9.835018e+12 4.628040e+13 9.675118e+06 6.775591e+12
2.018916e+14 4.800393e+04 2.240075e+08 1.257681e+04 4.615945e+19 6.083639e+15 5.002707e+18 2.150714e+22 6.228721e+19 6.967663e+13 1.653675e+14 1.970822e+13 1.478238e+16 2.933738e+12 1.091406e+17 9.086195e+12 4.921777e+13 8.643514e+06 6.965185e+12
1.731448e+14 4.773232e+04 2.355866e+08 1.284552e+04 4.249442e+19 6.310207e+15 4.735352e+18 2.067065e+22 6.564000e+19 6.359445e+13 1.552590e+14 1.986520e+13 1.566821e+16 2.766086e+12 1.185050e+17 1.075983e+13 4.832982e+13 9.173849e+06 6.709917e+12
1.966187e+14 5.344699e+04 1.945706e+08 1.178802e+04 4.461056e+19 6.181199e+15 5.100217e+18 2.387249e+22 5.798501e+19 7.139100e+13 1.798534e+14 1.794182e+13 1.460022e+16 2.902498e+12 1.157508e+17 1.052648e+13 4.914315e+13 9.057365e+06 6.389951e+12
2.010292e+14 4.743817e+04 2.165267e+08 1.332772e+04 4.736402e+19 6.350440e+15 4.544519e+18 2.037010e+22 6.610353e+19 6.398628e+13 1.572089e+14 1.928056e+13 1.476158e+16 2.917754e+12 1.234812e+17 1.075619e+13 4.590776e+13 9.659974e+06 7.670347e+12
1.914428e+14 4.661753e+04 2.295052e+08 1.282786e+04 4.523754e+19 6.289581e+15 4.328828e+18 2.296577e+22 5.986939e+19 6.185811e+13 1.650831e+14 1.719997e+13 1.316392e+16 3.185393e+12 1.165062e+17 9.835018e+12 4.628040e+13 9.675118e+06 6.775591e+12
2.018916e+14 4.800393e+04 2.240075e+08 1.257681e+04 4.615945e+19 6.083639e+15 5.001764e+18 2.151162e+22 6.228721e+19 6.967663e+13 1.653675e+14 1.970822e+13 1.478238e+16 2.933738e+12 1.091406e+17 9.086195e+12 4.921777e+13 8.643514e+06 6.965185e+12
1.731448e+14 4.773232e+04 2.355866e+08 1.284552e+04 4.249442e+19 6.310207e+15 4.734409e+18 2.067513e+22 6.564000e+19 6.359445e+13 1.552590e+14 1.986520e+13 1.566821e+16 2.766086e+12 1.185050e+17 1.075983e+13 4.832982e+13 9.173849e+06 6.709917e+12
1.966187e+14 5.344699e+04 1.945706e+08 1.178802e+04 4.461056e+19 6.181199e+15 5.099274e+18 2.387697e+22 5.798501e+19 7.139100e+13 1.798534e+14 1.794182e+13 1.460022e+16 2.902498e+12 1.157508e+17 1.052648e+13 4.914315e+13 9.057365e+06 6.389951e+12
2.010292e+14 4.743817e+04 2.165267e+08 1.332772e+04 4.736402e+19 6.350440e+15 4.543576e+18 2.037458e+22 6.610353e+19 6.398628e+13 1.572089e+14 1.928056e+13 1.476158e+16 2.917754e+12 1.234812e+17 1.075619e+13 4.590776e+13 9.659974e+06 7.670347e+12
1.914428e+14 4.661753e+04 2.295052e+08 1.282786e+04 4.523754e+19 6.289581e+15 4.327885e+18 2.297025e+22 5.986939e+19 6.185811e+13 1.650831e+14 1.719997e+13 1.316392e+16 3.185393e+12 1.165062e+17 9.835018e+12 4.628040e+13 9.675118e+06 6.775591e+12
2.018916e+14 4.800393e+04 2.240075e+08 1.257681e+04 4.615945e+19 6.083639e+15 5.001764e+18 2.150714e+22 6.229955e+19 6.967663e+13 1.653675e+14 1.970822e+13 1.478238e+16 2.933738e+12 1.091406e+17 9.086195e+12 4.921777e+13 8.643514e+06 6.965185e+12
1.731448e+14 4.773232e+04 2.355866e+08 1.284552e+04 4.249442e+19 6.310207e+15 4.734409e+18 2.067065e+22 6.565234e+19 6.359445e+13 1.552590e+14 1.986520e+13 1.566821e+16 2.766086e+12 1.185050e+17 1.075983e+13 4.832982e+13 9.173849e+06 6.709917e+12
1.966187e+14 5.344699e+04 1.945706e+08 1.178802e+04 4.461056e+19 6.181199e+15 5.099274e+18 2.387249e+22 5.799735e+19 7.139100e+13 1.798534e+14 1.794182e+13 1.460022e+16 2.902498e+12 1.157508e+17 1.052648e+13 4.914315e+13 9.057365e+06 6.389951e+12
2.010292e+14 4.743817e+04 2.165267e+08 1.332772e+04 4.736402e+19 6.350440e+15 4.543576e+18 2.037010e+22 6.611587e+19 6.398628e+13 1.572089e+14 1.928056e+13 1.476158e+16 2.917754e+12 1.234812e+17 1.075619e+13 4.590776e+13 9.659974e+06 7.670347e+12
1.914428e+14 4.661753e+04 2.295052e+08 1.282786e+04 4.523754e+19 6.289581e+15 4.327885e+18 2.296577e+22 5.988173e+19 6.185811e+13 1.650831e+14 1.719997e+13 1.316392e+16 3.185393e+12 1.165062e+17 9.835018e+12 4.628040e+13 9.675118e+06 6.775591e+12
2.018916e+14 4.800393e+04 2.240075e+08 1.257681e+04 4.615945e+19 6.083639e+15 5.001764e+18 2.150714e+22 6.228721e+19 6.968989e+13 1.653675e+14 1.970822e+13 1.478238e+16 2.933738e+12 1.091406e+17 9.086195e+12 4.921777e+13 8.643514e+06 6.965185e+12
1.731448e+14 4.773232e+04 2.355866e+08 1.284552e+04 4.249442e+19 6.310207e+15 4.734409e+18 2.067065e+22 6.564000e+19 6.360771e+13 1.552590e+14 1.986520e+13 1.566821e+16 2.766086e+12 1.185050e+17 1.075983e+13 4.832982e+13 9.173849e+06 6.709917e+12
1.966187e+14 5.344699e+04 1.945706e+08 1.178802e+04 4.461056e+19 6.181199e+15 5.099274e+18 2.387249e+22 5.798501e+19 7.140426e+13 1.798534e+14 1.794182e+13 1.460022e+16 2.902498e+12 1.157508e+17 1.052648e+13 4.914315e+13 9.057365e+06 6.389951e+12
2.010292e+14 4.743817e+04 2.165267e+08 1.332772e+04 4.736402e+19 6.350440e+15 4.543576e+18 2.037010e+22 6.610353e+19 6.399954e+13 1.572089e+14 1.928056e+13 1.476158e+16 2.917754e+12 1.234812e+17 1.075619e+13 4.590776e+13 9.659974e+06 7.670347e+12
1.914428e+14 4.661753e+04 2.295052e+08 1.282786e+04 4.523754e+19 6.289581e+15 4.327885e+18 2.296577e+22 5.986939e+19 6.187137e+13 1.650831e+14 1.719997e+13 1.316392e+16 3.185393e+12 1.165062e+17 9.835018e+12 4.628040e+13 9.675118e+06 6.775591e+12
2.018916e+14 4.800393e+04 2.240075e+08 1.257681e+04 4.615945e+19 6.083639e+15 5.001764e+18 2.150714e+22 6.228721e+19 6.967663e+13 1.654013e+14 1.970822e+13 1.478238e+16 2.933738e+12 1.091406e+17 9.086195e+12 4.921777e+13 8.643514e+06 6.965185e+12
1.731448e+14 4.773232e+04 2.355866e+08 1.284552e+04 4.249442e+19 6.310207e+15 4.734409e+18 2.067065e+22 6.564000e+19 6.359445e+13 1.552928e+14 1.986520e+13 1.566821e+16 2.766086e+12 1.185050e+17 1.075983e+13 4.832982e+13 9.173849e+06 6.709917e+12
1.966187e+14 5.344699e+04 1.945706e+08 1.178802e+04 4.461056e+19 6.181199e+15 5.099274e+18 2.387249e+22 5.798501e+19 7.139100e+13 1.798872e+14 1.794182e+13 1.460022e+16 2.902498e+12 1.157508e+17 1.052648e+13 4.914315e+13 9.057365e+06 6.389951e+12
2.010292e+14 4.743817e+04 2.165267e+08 1.332772e+04 4.736402e+19 6.350440e+15 4.543576e+18 2.037010e+22 6.610353e+19 6.398628e+13 1.572427e+14 1.928056e+13 1.476158e+16 2.917754e+12 1.234812e+17 1.075619e+13 4.590776e+13 9.659974e+06 7.670347e+12
1.914428e+14 4.661753e+04 2.295052e+08 1.282786e+04 4.523754e+19 6.289581e+15 4.327885e+18 2.296577e+22 5.986939e+19 6.185811e+13 1.651169e+14 1.719997e+13 1.316392e+16 3.185393e+12 1.165062e+17 9.835018e+12 4.628040e+13 9.675118e+06 6.775591e+12
2.018916e+14 4.800393e+04 2.240075e+08 1.257681e+04 4.615945e+19 6.083639e+15 5.001764e+18 2.150714e+22 6.228721e+19 6.967663e+13 1.653675e+14 1.971184e+13 1.478238e+16 2.933738e+12 1.091406e+17 9.086195e+12 4.921777e+13 8.643514e+06 6.965185e+12
1.731448e+14 4.773232e+04 2.355866e+08 1.284552e+04 4.249442e+19 6.310207e+15 4.734409e+18 2.067065e+22 6.564000e+19 6.359445e+13 1.552590e+14 1.986882e+13 1.566821e+16 2.766086e+12 1.185050e+17 1.075983e+13 4.832982e+13 9.173849e+06 6.709917e+12
1.966187e+14 5.344699e+04 1.945706e+08 1.178802e+04 4.461056e+19 6.181199e+15 5.099274e+18 2.387249e+22 5.798501e+19 7.139100e+13 1.798534e+14 1.794544e+13 1.460022e+16 2.902498e+12 1.157508e+17 1.052648e+13 4.914315e+13 9.057365e+06 6.389951e+12
2.010292e+14 4.743817e+04 2.165267e+08 1.332772e+04 4.736402e+19 6.350440e+15 4.543576e+18 2.037010e+22 6.610353e+19 6.398628e+13 1.572089e+14 1.928418e+13 1.476158e+16 2.917754e+12 1.234812e+17 1.075619e+13 4.590776e+13 9.659974e+06 7.670347e+12
1.914428e+14 4.661753e+04 2.295052e+08 1.282786e+04 4.523754e+19 6.289581e+15 4.327885e+18 2.296577e+22 5.986939e+19 6.185811e+13 1.650831e+14 1.720359e+13 1.316392e+16 3.185393e+12 1.165062e+17 9.835018e+12 4.628040e+13 9.675118e+06 6.775591e+12
2.018916e+14 4.800393e+04 2.240075e+08 1.257681e+04 4.615945e+19 6.083639e+15 5.001764e+18 2.150714e+22 6.228721e+19 6.967663e+13 1.653675e+14 1.970822e+13 1.478528e+16 2.933738e+12 1.091406e+17 9.086195e+12 4.921777e+13 8.643514e+06 6.965185e+12
1.731448e+14 4.773232e+04 2.355866e+08 1.284552e+04 4.249442e+19 6.310207e+15 4.734409e+18 2.067065e+22 6.564000e+19 6.359445e+13 1.552590e+14 1.986520e+13 1.567111e+16 2.766086e+12 1.185050e+17 1.075983e+13 4.832982e+13 9.173849e+06 6.709917e+12
1.966187e+14 5.344699e+04 1.945706e+08 1.178802e+04 4.461056e+19 6.181199e+15 5.099274e+18 2.387249e+22 5.798501e+19 7.139100e+13 1.798534e+14 1.794182e+13 1.460312e+16 2.902498e+12 1.157508e+17 1.052648e+13 4.914315e+13 9.057365e+06 6.389951e+12
2.010292e+14 4.743817e+04 2.165267e+08 1.332772e+04 4.736402e+19 6.350440e+15 4.543576e+18 2.037010e+22 6.610353e+19 6.398628e+13 1.572089e+14 1.928056e+13 1.476448e+16 2.917754e+12 1.234812e+17 1.075619e+13 4.590776e+13 9.659974e+06 7.670347e+12
1.914428e+14 4.661753e+04 2.295052e+08 1.282786e+04 4.523754e+19 6.289581e+15 4.327885e+18 2.296577e+22 5.986939e+19 6.185811e+13 1.650831e+14 1.719997e+13 1.316682e+16 3.185393e+12 1.165062e+17 9.835018e+12 4.628040e+13 9.675118e+06 6.775591e+12
2.018916e+14 4.800393e+04 2.240075e+08 1.257681e+04 4.615945e+19 6.083639e+15 5.001764e+18 2.150714e+22 6.228721e+19 6.967663e+13 1.653675e+14 1.970822e+13 1.478238e+16 2.934342e+12 1.091406e+17 9.086195e+12 4.921777e+13 8.643514e+06 6.965185e+12
1.731448e+14 4.773232e+04 2.355866e+08 1.284552e+04 4.249442e+19 6.310207e+15 4.734409e+18 2.067065e+22 6.564000e+19 6.359445e+13 1.552590e+14 1.986520e+13 1.566821e+16 2.766690e+12 1.185050e+17 1.075983e+13 4.832982e+13 9.173849e+06 6.709917e+12
1.966187e+14 5.344699e+04 1.945706e+08 1.178802e+04 4.461056e+19 6.181199e+15 5.099274e+18 2.387249e+22 5.798501e+19 7.139100e+13 1.798534e+14 1.794182e+13 1.460022e+16 2.903102e+12 1.157508e+17 1.052648e+13 4.914315e+13 9.057365e+06 6.389951e+12
2.010292e+14 4.743817e+04 2.165267e+08 1.332772e+04 4.736402e+19 6.350440e+15 4.543576e+18 2.037010e+22 6.610353e+19 6.398628e+13 1.572089e+14 1.928056e+13 1.476158e+16 2.918358e+12 1.234812e+17 1.075619e+13 4.590776e+13 9.659974e+06 7.670347e+12
1.914428e+14 4.661753e+04 2.295052e+08 1.282786e+04 4.523754e+19 6.289581e+15 4.327885e+18 2.296577e+22 5.986939e+19 6.185811e+13 1.650831e+14 1.719997e+13 1.316392e+16 3.185997e+12 1.165062e+17 9.835018e+12 4.628040e+13 9.675118e+06 6.775591e+12
2.018916e+14 4.800393e+04 2.240075e+08 1.257681e+04 4.615945e+19 6.083639e+15 5.001764e+18 2.150714e+22 6.228721e+19 6.967663e+13 1.653675e+14 1.970822e+13 1.478238e+16 2.933738e+12 1.091647e+17 9.086195e+12 4.921777e+13 8.643514e+06 6.965185e+12
1.731448e+14 4.773232e+04 2.355866e+08 1.284552e+04 4.249442e+19 6.310207e+15 4.734409e+18 2.067065e+22 6.564000e+19 6.359445e+13 1.552590e+14 1.986520e+13 1.566821e+16 2.766086e+12 1.185290e+17 1.075983e+13 4.832982e+13 9.173849e+06 6.709917e+12
1.966187e+14 5.344699e+04 1.945706e+08 1.178802e+04 4.461056e+19 6.181199e+15 5.099274e+18 2.387249e+22 5.798501e+19 7.139100e+13 1.798534e+14 1.794182e+13 1.460022e+16 2.902498e+12 1.157749e+17 1.052648e+13 4.914315e+13 9.057365e+06 6.389951e+12
2.010292e+14 4.743817e+04 2.165267e+08 1.332772e+04 4.736402e+19 6.350440e+15 4.543576e+18 2.037010e+22 6.610353e+19 6.398628e+13 1.572089e+14 1.928056e+13 1.476158e+16 2.917754e+12 1.235053e+17 1.075619e+13 4.590776e+13 9.659974e+06 7.670347e+12
1.914428e+14 4.661753e+04 2.295052e+08 1.282786e+04 4.523754e+19 6.289581e+15 4.327885e+18 2.296577e+22 5.986939e+19 6.185811e+13 1.650831e+14 1.719997e+13 1.316392e+16 3.185393e+12 1.165302e+17 9.835018e+12 4.628040e+13 9.675118e+06 6.775591e+12
2.018916e+14 4.800393e+04 2.240075e+08 1.257681e+04 4.615945e+19 6.083639e+15 5.001764e+18 2.150714e+22 6.228721e+19 6.967663e+13 1.653675e+14 1.970822e+13 1.478238e+16 2.933738e+12 1.091406e+17 9.088195e+12 4.921777e+13 8.643514e+06 6.965185e+12
1.731448e+14 4.773232e+04 2.355866e+08 1.284552e+04 4.249442e+19 6.310207e+15 4.734409e+18 2.067065e+22 6.564000e+19 6.359445e+13 1.552590e+14 1.986520e+13 1.566821e+16 2.766086e+12 1.185050e+17 1.076183e+13 4.832982e+13 9.173849e+06 6.709917e+12
1.966187e+14 5.344699e+04 1.945706e+08 1.178802e+04 4.461056e+19 6.181199e+15 5.099274e+18 2.387249e+22 5.798501e+19 7.139100e+13 1.798534e+14 1.794182e+13 1.460022e+16 2.902498e+12 1.157508e+17 1.052848e+13 4.914315e+13 9.057365e+06 6.389951e+12
2.010292e+14 4.743817e+04 2.165267e+08 1.332772e+04 4.736402e+19 6.350440e+15 4.543576e+18 2.037010e+22 6.610353e+19 6.398628e+13 1.572089e+14 1.928056e+13 1.476158e+16 2.917754e+12 1.234812e+17 1.075819e+13 4.590776e+13 9.659974e+06 7.670347e+12
1.914428e+14 4.661753e+04 2.295052e+08 1.282786e+04 4.523754e+19 6.289581e+15 4.327885e+18 2.296577e+22 5.986939e+19 6.185811e+13 1.650831e+14 1.719997e+13 1.316392e+16 3.185393e+12 1.165062e+17 9.837018e+12 4.628040e+13 9.675118e+06 6.775591e+12
2.018916e+14 4.800393e+04 2.240075e+08 1.257681e+04 4.615945e+19 6.083639e+15 5.001764e+18 2.150714e+22 6.228721e+19 6.967663e+13 1.653675e+14 1.970822e+13 1.478238e+16 2.933738e+12 1.091406e+17 9.086195e+12 4.922741e+13 8.643514e+06 6.965185e+12
1.731448e+14 4.773232e+04 2.355866e+08 1.284552e+04 4.249442e+19 6.310207e+15 4.734409e+18 2.067065e+22 6.564000e+19 6.359445e+13 1.552590e+14 1.986520e+13 1.566821e+16 2.766086e+12 1.185050e+17 1.075983e+13 4.833946e+13 9.173849e+06 6.709917e+12
1.966187e+14 5.344699e+04 1.945706e+08 1.178802e+04 4.461056e+19 6.181199e+15 5.099274e+18 2.387249e+22 5.798501e+19 7.139100e+13 1.798534e+14 1.794182e+13 1.460022e+16 2.902498e+12 1.157508e+17 1.052648e+13 4.915279e+13 9.057365e+06 6.389951e+12
2.010292e+14 4.743817e+04 2.165267e+08 1.332772e+04 4.736402e+19 6.350440e+15 4.543576e+18 2.037010e+22 6.610353e+19 6.398628e+13 1.572089e+14 1.928056e+13 1.476158e+16 2.917754e+12 1.234812e+17 1.075619e+13 4.591740e+13 9.659974e+06 7.670347e+12
1.914428e+14 4.661753e+04 2.295052e+08 1.282786e+04 4.523754e+19 6.289581e+15 4.327885e+18 2.296577e+22 5.986939e+19 6.185811e+13 1.650831e+14 1.719997e+13 1.316392e+16 3.185393e+12 1.165062e+17 9.835018e+12 4.629004e+13 9.675118e+06 6.775591e+12
2.018916e+14 4.800393e+04 2.240075e+08 1.257681e+04 4.615945e+19 6.083639e+15 5.001764e+18 2.150714e+22 6.228721e+19 6.967663e+13 1.653675e+14 1.970822e+13 1.478238e+16 2.933738e+12 1.091406e+17 9.086195e+12 4.921777e+13 8.645424e+06 6.965185e+12
1.731448e+14 4.773232e+04 2.355866e+08 1.284552e+04 4.249442e+19 6.310207e+15 4.734409e+18 2.067065e+22 6.564000e+19 6.359445e+13 1.552590e+14 1.986520e+13 1.566821e+16 2.766086e+12 1.185050e+17 1.075983e+13 4.832982e+13 9.175759e+06 6.709917e+12
1.966187e+14 5.344699e+04 1.945706e+08 1.178802e+04 4.461056e+19 6.181199e+15 5.099274e+18 2.387249e+22 5.798501e+19 7.139100e+13 1.798534e+14 1.794182e+13 1.460022e+16 2.902498e+12 1.157508e+17 1.052648e+13 4.914315e+13 9.059275e+06 6.389951e+12
2.010292e+14 4.743817e+04 2.165267e+08 1.332772e+04 4.736402e+19 6.350440e+15 4.543576e+18 2.037010e+22 6.610353e+19 6.398628e+13 1.572089e+14 1.928056e+13 1.476158e+16 2.917754e+12 1.234812e+17 1.075619e+13 4.590776e+13 9.661884e+06 7.670347e+12
1.914428e+14 4.661753e+04 2.295052e+08 1.282786e+04 4.523754e+19 6.289581e+15 4.327885e+18 2.296577e+22 5.986939e+19 6.185811e+13 1.650831e+14 1.719997e+13 1.316392e+16 3.185393e+12 1.165062e+17 9.835018e+12 4.628040e+13 9.677028e+06 6.775591e+12
2.018916e+14 4.800393e+04 2.240075e+08 1.257681e+04 4.615945e+19 6.083639e+15 5.001764e+18 2.150714e+22 6.228721e+19 6.967663e+13 1.653675e+14 1.970822e+13 1.478238e+16 2.933738e+12 1.091406e+17 9.086195e+12 4.921777e+13 8.643514e+06 6.966585e+12
1.731448e+14 4.773232e+04 2.355866e+08 1.284552e+04 4.249442e+19 6.310207e+15 4.734409e+18 2.067065e+22 6.564000e+19 6.359445e+13 1.552590e+14 1.986520e+13 1.566821e+16 2.766086e+12 1.185050e+17 1.075983e+13 4.832982e+13 9.173849e+06 6.711317e+12
1.966187e+14 5.344699e+04 1.945706e+08 1.178802e+04 4.461056e+19 6.181199e+15 5.099274e+18 2.387249e+22 5.798501e+19 7.139100e+13 1.798534e+14 1.794182e+13 1.460022e+16 2.902498e+12 1.157508e+17 1.052648e+13 4.914315e+13 9.057365e+06 6.391351e+12
2.010292e+14 4.743817e+04 2.165267e+08 1.332772e+04 4.736402e+19 6.350440e+15 4.543576e+18 2.037010e+22 6.610353e+19 6.398628e+13 1.572089e+14 1.928056e+13 1.476158e+16 2.917754e+12 1.234812e+17 1.075619e+13 4.590776e+13 9.659974e+06 7.671747e+12
1.914428e+14 4.661753e+04 2.295052e+08 1.282786e+04 4.523754e+19 6.289581e+15 4.327885e+18 2.296577e+22 5.986939e+19 6.185811e+13 1.650831e+14 1.719997e+13 1.316392e+16 3.185393e+12 1.165062e+17 9.835018e+12 4.628040e+13 9.675118e+06 6.776991e+12
