1.948754e+14 5.274826e+04 2.061641e+08 1.116019e+04 4.904370e+19 6.155606e+15 4.883149e+18 2.231481e+22 6.326537e+19 6.739052e+13 1.769194e+14 1.843408e+13 1.450365e+16 2.995483e+12 1.233560e+17 1.040620e+13 4.384424e+13 8.910986e+06 7.357733e+12
2.067324e+14 4.956740e+04 2.254438e+08 1.135707e+04 4.988728e+19 6.326835e+15 4.856161e+18 2.163484e+22 6.240893e+19 6.181320e+13 1.659121e+14 1.869545e+13 1.315754e+16 2.947403e+12 1.308875e+17 1.005468e+13 5.008463e+13 1.034196e+07 7.474452e+12
2.064956e+14 5.098807e+04 2.282258e+08 1.291815e+04 4.633468e+19 6.583601e+15 4.496020e+18 2.244767e+22 5.946127e+19 6.760125e+13 1.784197e+14 1.863057e+13 1.510354e+16 2.894303e+12 1.296054e+17 1.031863e+13 4.626498e+13 9.137488e+06 6.349752e+12
2.035966e+14 5.240479e+04 2.311342e+08 1.165848e+04 4.282956e+19 6.116962e+15 4.306074e+18 2.134106e+22 6.040237e+19 7.062042e+13 1.792742e+14 1.783080e+13 1.484925e+16 3.054566e+12 1.293011e+17 9.536581e+12 4.497673e+13 8.800530e+06 6.470021e+12
1.737246e+14 4.768952e+04 2.278906e+08 1.169682e+04 4.824389e+19 6.162460e+15 4.969918e+18 2.155109e+22 5.871341e+19 6.174375e+13 1.786692e+14 1.814912e+13 1.530564e+16 2.768835e+12 1.164678e+17 1.021553e+13 4.658291e+13 8.818473e+06 7.547411e+12
1.949137e+14 5.274826e+04 2.061641e+08 1.116019e+04 4.904370e+19 6.155606e+15 4.883149e+18 2.231481e+22 6.326537e+19 6.739052e+13 1.769194e+14 1.843408e+13 1.450365e+16 2.995483e+12 1.233560e+17 1.040620e+13 4.384424e+13 8.910986e+06 7.357733e+12
2.067707e+14 4.956740e+04 2.254438e+08 1.135707e+04 4.988728e+19 6.326835e+15 4.856161e+18 2.163484e+22 6.240893e+19 6.181320e+13 1.659121e+14 1.869545e+13 1.315754e+16 2.947403e+12 1.308875e+17 1.005468e+13 5.008463e+13 1.034196e+07 7.474452e+12
2.065339e+14 5.098807e+04 2.282258e+08 1.291815e+04 4.633468e+19 6.583601e+15 4.496020e+18 2.244767e+22 5.946127e+19 6.760125e+13 1.784197e+14 1.863057e+13 1.510354e+16 2.894303e+12 1.296054e+17 1.031863e+13 4.626498e+13 9.137488e+06 6.349752e+12
2.036349e+14 5.240479e+04 2.311342e+08 1.165848e+04 4.282956e+19 6.116962e+15 4.306074e+18 2.134106e+22 6.040237e+19 7.062042e+13 1.792742e+14 1.783080e+13 1.484925e+16 3.054566e+12 1.293011e+17 9.536581e+12 4.497673e+13 8.800530e+06 6.470021e+12
1.737629e+14 4.768952e+04 2.278906e+08 1.169682e+04 4.824389e+19 6.162460e+15 4.969918e+18 2.155109e+22 5.871341e+19 6.174375e+13 1.786692e+14 1.814912e+13 1.530564e+16 2.768835e+12 1.164678e+17 1.021553e+13 4.658291e+13 8.818473e+06 7.547411e+12
1.948754e+14 5.275842e+04 2.061641e+08 1.116019e+04 4.904370e+19 6.155606e+15 4.883149e+18 2.231481e+22 6.326537e+19 6.739052e+13 1.769194e+14 1.843408e+13 1.450365e+16 2.995483e+12 1.233560e+17 1.040620e+13 4.384424e+13 8.910986e+06 7.357733e+12
2.067324e+14 4.957756e+04 2.254438e+08 1.135707e+04 4.988728e+19 6.326835e+15 4.856161e+18 2.163484e+22 6.240893e+19 6.181320e+13 1.659121e+14 1.869545e+13 1.315754e+16 2.947403e+12 1.308875e+17 1.005468e+13 5.008463e+13 1.034196e+07 7.474452e+12
2.064956e+14 5.099823e+04 2.282258e+08 1.291815e+04 4.633468e+19 6.583601e+15 4.496020e+18 2.244767e+22 5.946127e+19 6.760125e+13 1.784197e+14 1.863057e+13 1.510354e+16 2.894303e+12 1.296054e+17 1.031863e+13 4.626498e+13 9.137488e+06 6.349752e+12
2.035966e+14 5.241495e+04 2.311342e+08 1.165848e+04 4.282956e+19 6.116962e+15 4.306074e+18 2.134106e+22 6.040237e+19 7.062042e+13 1.792742e+14 1.783080e+13 1.484925e+16 3.054566e+12 1.293011e+17 9.536581e+12 4.497673e+13 8.800530e+06 6.470021e+12
1.737246e+14 4.769968e+04 2.278906e+08 1.169682e+04 4.824389e+19 6.162460e+15 4.969918e+18 2.155109e+22 5.871341e+19 6.174375e+13 1.786692e+14 1.814912e+13 1.530564e+16 2.768835e+12 1.164678e+17 1.021553e+13 4.658291e+13 8.818473e+06 7.547411e+12
1.948754e+14 5.274826e+04 2.062073e+08 1.116019e+04 4.904370e+19 6.155606e+15 4.883149e+18 2.231481e+22 6.326537e+19 6.739052e+13 1.769194e+14 1.843408e+13 1.450365e+16 2.995483e+12 1.233560e+17 1.040620e+13 4.384424e+13 8.910986e+06 7.357733e+12
2.067324e+14 4.956740e+04 2.254870e+08 1.135707e+04 4.988728e+19 6.326835e+15 4.856161e+18 2.163484e+22 6.240893e+19 6.181320e+13 1.659121e+14 1.869545e+13 1.315754e+16 2.947403e+12 1.308875e+17 1.005468e+13 5.008463e+13 1.034196e+07 7.474452e+12
2.064956e+14 5.098807e+04 2.282690e+08 1.291815e+04 4.633468e+19 6.583601e+15 4.496020e+18 2.244767e+22 5.946127e+19 6.760125e+13 1.784197e+14 1.863057e+13 1.510354e+16 2.894303e+12 1.296054e+17 1.031863e+13 4.626498e+13 9.137488e+06 6.349752e+12
2.035966e+14 5.240479e+04 2.311774e+08 1.165848e+04 4.282956e+19 6.116962e+15 4.306074e+18 2.134106e+22 6.040237e+19 7.062042e+13 1.792742e+14 1.783080e+13 1.484925e+16 3.054566e+12 1.293011e+17 9.536581e+12 4.497673e+13 8.800530e+06 6.470021e+12
1.737246e+14 4.768952e+04 2.279338e+08 1.169682e+04 4.824389e+19 6.162460e+15 4.969918e+18 2.155109e+22 5.871341e+19 6.174375e+13 1.786692e+14 1.814912e+13 1.530564e+16 2.768835e+12 1.164678e+17 1.021553e+13 4.658291e+13 8.818473e+06 7.547411e+12
1.948754e+14 5.274826e+04 2.061641e+08 1.116265e+04 4.904370e+19 6.155606e+15 4.883149e+18 2.231481e+22 6.326537e+19 6.739052e+13 1.769194e+14 1.843408e+13 1.450365e+16 2.995483e+12 1.233560e+17 1.040620e+13 4.384424e+13 8.910986e+06 7.357733e+12
2.067324e+14 4.956740e+04 2.254438e+08 1.135953e+04 4.988728e+19 6.326835e+15 4.856161e+18 2.163484e+22 6.240893e+19 6.181320e+13 1.659121e+14 1.869545e+13 1.315754e+16 2.947403e+12 1.308875e+17 1.005468e+13 5.008463e+13 1.034196e+07 7.474452e+12
2.064956e+14 5.098807e+04 2.282258e+08 1.292061e+04 4.633468e+19 6.583601e+15 4.496020e+18 2.244767e+22 5.946127e+19 6.760125e+13 1.784197e+14 1.863057e+13 1.510354e+16 2.894303e+12 1.296054e+17 1.031863e+13 4.626498e+13 9.137488e+06 6.349752e+12
2.035966e+14 5.240479e+04 2.311342e+08 1.166094e+04 4.282956e+19 6.116962e+15 4.306074e+18 2.134106e+22 6.040237e+19 7.062042e+13 1.792742e+14 1.783080e+13 1.484925e+16 3.054566e+12 1.293011e+17 9.536581e+12 4.497673e+13 8.800530e+06 6.470021e+12
1.737246e+14 4.768952e+04 2.278906e+08 1.169928e+04 4.824389e+19 6.162460e+15 4.969918e+18 2.155109e+22 5.871341e+19 6.174375e+13 1.786692e+14 1.814912e+13 1.530564e+16 2.768835e+12 1.164678e+17 1.021553e+13 4.658291e+13 8.818473e+06 7.547411e+12
1.948754e+14 5.274826e+04 2.061641e+08 1.116019e+04 4.905286e+19 6.155606e+15 4.883149e+18 2.231481e+22 6.326537e+19 6.739052e+13 1.769194e+14 1.843408e+13 1.450365e+16 2.995483e+12 1.233560e+17 1.040620e+13 4.384424e+13 8.910986e+06 7.357733e+12
2.067324e+14 4.956740e+04 2.254438e+08 1.135707e+04 4.989643e+19 6.326835e+15 4.856161e+18 2.163484e+22 6.240893e+19 6.181320e+13 1.659121e+14 1.869545e+13 1.315754e+16 2.947403e+12 1.308875e+17 1.005468e+13 5.008463e+13 1.034196e+07 7.474452e+12
2.064956e+14 5.098807e+04 2.282258e+08 1.291815e+04 4.634384e+19 6.583601e+15 4.496020e+18 2.244767e+22 5.946127e+19 6.760125e+13 1.784197e+14 1.863057e+13 1.510354e+16 2.894303e+12 1.296054e+17 1.031863e+13 4.626498e+13 9.137488e+06 6.349752e+12
2.035966e+14 5.240479e+04 2.311342e+08 1.165848e+04 4.283871e+19 6.116962e+15 4.306074e+18 2.134106e+22 6.040237e+19 7.062042e+13 1.792742e+14 1.783080e+13 1.484925e+16 3.054566e+12 1.293011e+17 9.536581e+12 4.497673e+13 8.800530e+06 6.470021e+12
1.737246e+14 4.768952e+04 2.278906e+08 1.169682e+04 4.825304e+19 6.162460e+15 4.969918e+18 2.155109e+22 5.871341e+19 6.174375e+13 1.786692e+14 1.814912e+13 1.530564e+16 2.768835e+12 1.164678e+17 1.021553e+13 4.658291e+13 8.818473e+06 7.547411e+12
1.948754e+14 5.274826e+04 2.061641e+08 1.116019e+04 4.904370e+19 6.156839e+15 4.883149e+18 2.231481e+22 6.326537e+19 6.739052e+13 1.769194e+14 1.843408e+13 1.450365e+16 2.995483e+12 1.233560e+17 1.040620e+13 4.384424e+13 8.910986e+06 7.357733e+12
2.067324e+14 4.956740e+04 2.254438e+08 1.135707e+04 4.988728e+19 6.328068e+15 4.856161e+18 2.163484e+22 6.240893e+19 6.181320e+13 1.659121e+14 1.869545e+13 1.315754e+16 2.947403e+12 1.308875e+17 1.005468e+13 5.008463e+13 1.034196e+07 7.474452e+12
2.064956e+14 5.098807e+04 2.282258e+08 1.291815e+04 4.633468e+19 6.584834e+15 4.496020e+18 2.244767e+22 5.946127e+19 6.760125e+13 1.784197e+14 1.863057e+13 1.510354e+16 2.894303e+12 1.296054e+17 1.031863e+13 4.626498e+13 9.137488e+06 6.349752e+12
2.035966e+14 5.240479e+04 2.311342e+08 1.165848e+04 4.282956e+19 6.118195e+15 4.306074e+18 2.134106e+22 6.040237e+19 7.062042e+13 1.792742e+14 1.783080e+13 1.484925e+16 3.054566e+12 1.293011e+17 9.536581e+12 4.497673e+13 8.800530e+06 6.470021e+12
1.737246e+14 4.768952e+04 2.278906e+08 1.169682e+04 4.824389e+19 6.163693e+15 4.969918e+18 2.155109e+22 5.871341e+19 6.174375e+13 1.786692e+14 1.814912e+13 1.530564e+16 2.768835e+12 1.164678e+17 1.021553e+13 4.658291e+13 8.818473e+06 7.547411e+12
1.948754e+14 5.274826e+04 2.061641e+08 1.116019e+04 4.904370e+19 6.155606e+15 4.884092e+18 2.231481e+22 6.326537e+19 6.739052e+13 1.769194e+14 1.843408e+13 1.450365e+16 2.995483e+12 1.233560e+17 1.040620e+13 4.384424e+13 8.910986e+06 7.357733e+12
2.067324e+14 4.956740e+04 2.254438e+08 1.135707e+04 4.988728e+19 6.326835e+15 4.857104e+18 2.163484e+22 6.240893e+19 6.181320e+13 1.659121e+14 1.869545e+13 1.315754e+16 2.947403e+12 1.308875e+17 1.005468e+13 5.008463e+13 1.034196e+07 7.474452e+12
2.064956e+14 5.098807e+04 2.282258e+08 1.291815e+04 4.633468e+19 6.583601e+15 4.496963e+18 2.244767e+22 5.946127e+19 6.760125e+13 1.784197e+14 1.863057e+13 1.510354e+16 2.894303e+12 1.296054e+17 1.031863e+13 4.626498e+13 9.137488e+06 6.349752e+12
2.035966e+14 5.240479e+04 2.311342e+08 1.165848e+04 4.282956e+19 6.116962e+15 4.307016e+18 2.134106e+22 6.040237e+19 7.062042e+13 1.792742e+14 1.783080e+13 1.484925e+16 3.054566e+12 1.293011e+17 9.536581e+12 4.497673e+13 8.800530e+06 6.470021e+12
1.737246e+14 4.768952e+04 2.278906e+08 1.169682e+04 4.824389e+19 6.162460e+15 4.970861e+18 2.155109e+22 5.871341e+19 6.174375e+13 1.786692e+14 1.814912e+13 1.530564e+16 2.768835e+12 1.164678e+17 1.021553e+13 4.658291e+13 8.818473e+06 7.547411e+12
1.948754e+14 5.274826e+04 2.061641e+08 1.116019e+04 4.904370e+19 6.155606e+15 4.883149e+18 2.231929e+22 6.326537e+19 6.739052e+13 1.769194e+14 1.843408e+13 1.450365e+16 2.995483e+12 1.233560e+17 1.040620e+13 4.384424e+13 8.910986e+06 7.357733e+12
2.067324e+14 4.956740e+04 2.254438e+08 1.135707e+04 4.988728e+19 6.326835e+15 4.856161e+18 2.163932e+22 6.240893e+19 6.181320e+13 1.659121e+14 1.869545e+13 1.315754e+16 2.947403e+12 1.308875e+17 1.005468e+13 5.008463e+13 1.034196e+07 7.474452e+12
2.064956e+14 5.098807e+04 2.282258e+08 1.291815e+04 4.633468e+19 6.583601e+15 4.496020e+18 2.245215e+22 5.946127e+19 6.760125e+13 1.784197e+14 1.863057e+13 1.510354e+16 2.894303e+12 1.296054e+17 1.031863e+13 4.626498e+13 9.137488e+06 6.349752e+12
2.035966e+14 5.240479e+04 2.311342e+08 1.165848e+04 4.282956e+19 6.116962e+15 4.306074e+18 2.134554e+22 6.040237e+19 7.062042e+13 1.792742e+14 1.783080e+13 1.484925e+16 3.054566e+12 1.293011e+17 9.536581e+12 4.497673e+13 8.800530e+06 6.470021e+12
1.737246e+14 4.768952e+04 2.278906e+08 1.169682e+04 4.824389e+19 6.162460e+15 4.969918e+18 2.155557e+22 5.871341e+19 6.174375e+13 1.786692e+14 1.814912e+13 1.530564e+16 2.768835e+12 1.164678e+17 1.021553e+13 4.658291e+13 8.818473e+06 7.547411e+12
1.948754e+14 5.274826e+04 2.061641e+08 1.116019e+04 4.904370e+19 6.155606e+15 4.883149e+18 2.231481e+22 6.327771e+19 6.739052e+13 1.769194e+14 1.843408e+13 1.450365e+16 2.995483e+12 1.233560e+17 1.040620e+13 4.384424e+13 8.910986e+06 7.357733e+12
2.067324e+14 4.956740e+04 2.254438e+08 1.135707e+04 4.988728e+19 6.326835e+15 4.856161e+18 2.163484e+22 6.242127e+19 6.181320e+13 1.659121e+14 1.869545e+13 1.315754e+16 2.947403e+12 1.308875e+17 1.005468e+13 5.008463e+13 1.034196e+07 7.474452e+12
2.064956e+14 5.098807e+04 2.282258e+08 1.291815e+04 4.633468e+19 6.583601e+15 4.496020e+18 2.244767e+22 5.947361e+19 6.760125e+13 1.784197e+14 1.863057e+13 1.510354e+16 2.894303e+12 1.296054e+17 1.031863e+13 4.626498e+13 9.137488e+06 6.349752e+12
2.035966e+14 5.240479e+04 2.311342e+08 1.165848e+04 4.282956e+19 6.116962e+15 4.306074e+18 2.134106e+22 6.041471e+19 7.062042e+13 1.792742e+14 1.783080e+13 1.484925e+16 3.054566e+12 1.293011e+17 9.536581e+12 4.497673e+13 8.800530e+06 6.470021e+12
1.737246e+14 4.768952e+04 2.278906e+08 1.169682e+04 4.824389e+19 6.162460e+15 4.969918e+18 2.155109e+22 5.872575e+19 6.174375e+13 1.786692e+14 1.814912e+13 1.530564e+16 2.768835e+12 1.164678e+17 1.021553e+13 4.658291e+13 8.818473e+06 7.547411e+12
1.948754e+14 5.274826e+04 2.061641e+08 1.116019e+04 4.904370e+19 6.155606e+15 4.883149e+18 2.231481e+22 6.326537e+19 6.740378e+13 1.769194e+14 1.843408e+13 1.450365e+16 2.995483e+12 1.233560e+17 1.040620e+13 4.384424e+13 8.910986e+06 7.357733e+12
2.067324e+14 4.956740e+04 2.254438e+08 1.135707e+04 4.988728e+19 6.326835e+15 4.856161e+18 2.163484e+22 6.240893e+19 6.182646e+13 1.659121e+14 1.869545e+13 1.315754e+16 2.947403e+12 1.308875e+17 1.005468e+13 5.008463e+13 1.034196e+07 7.474452e+12
2.064956e+14 5.098807e+04 2.282258e+08 1.291815e+04 4.633468e+19 6.583601e+15 4.496020e+18 2.244767e+22 5.946127e+19 6.761451e+13 1.784197e+14 1.863057e+13 1.510354e+16 2.894303e+12 1.296054e+17 1.031863e+13 4.626498e+13 9.137488e+06 6.349752e+12
2.035966e+14 5.240479e+04 2.311342e+08 1.165848e+04 4.282956e+19 6.116962e+15 4.306074e+18 2.134106e+22 6.040237e+19 7.063368e+13 1.792742e+14 1.783080e+13 1.484925e+16 3.054566e+12 1.293011e+17 9.536581e+12 4.497673e+13 8.800530e+06 6.470021e+12
1.737246e+14 4.768952e+04 2.278906e+08 1.169682e+04 4.824389e+19 6.162460e+15 4.969918e+18 2.155109e+22 5.871341e+19 6.175701e+13 1.786692e+14 1.814912e+13 1.530564e+16 2.768835e+12 1.164678e+17 1.021553e+13 4.658291e+13 8.818473e+06 7.547411e+12
1.948754e+14 5.274826e+04 2.061641e+08 1.116019e+04 4.904370e+19 6.155606e+15 4.883149e+18 2.231481e+22 6.326537e+19 6.739052e+13 1.769532e+14 1.843408e+13 1.450365e+16 2.995483e+12 1.233560e+17 1.040620e+13 4.384424e+13 8.910986e+06 7.357733e+12
2.067324e+14 4.956740e+04 2.254438e+08 1.135707e+04 4.988728e+19 6.326835e+15 4.856161e+18 2.163484e+22 6.240893e+19 6.181320e+13 1.659459e+14 1.869545e+13 1.315754e+16 2.947403e+12 1.308875e+17 1.005468e+13 5.008463e+13 1.034196e+07 7.474452e+12
2.064956e+14 5.098807e+04 2.282258e+08 1.291815e+04 4.633468e+19 6.583601e+15 4.496020e+18 2.244767e+22 5.946127e+19 6.760125e+13 1.784535e+14 1.863057e+13 1.510354e+16 2.894303e+12 1.296054e+17 1.031863e+13 4.626498e+13 9.137488e+06 6.349752e+12
2.035966e+14 5.240479e+04 2.311342e+08 1.165848e+04 4.282956e+19 6.116962e+15 4.306074e+18 2.134106e+22 6.040237e+19 7.062042e+13 1.793080e+14 1.783080e+13 1.484925e+16 3.054566e+12 1.293011e+17 9.536581e+12 4.497673e+13 8.800530e+06 6.470021e+12
1.737246e+14 4.768952e+04 2.278906e+08 1.169682e+04 4.824389e+19 6.162460e+15 4.969918e+18 2.155109e+22 5.871341e+19 6.174375e+13 1.787030e+14 1.814912e+13 1.530564e+16 2.768835e+12 1.164678e+17 1.021553e+13 4.658291e+13 8.818473e+06 7.547411e+12
1.948754e+14 5.274826e+04 2.061641e+08 1.116019e+04 4.904370e+19 6.155606e+15 4.883149e+18 2.231481e+22 6.326537e+19 6.739052e+13 1.769194e+14 1.843770e+13 1.450365e+16 2.995483e+12 1.233560e+17 1.040620e+13 4.384424e+13 8.910986e+06 7.357733e+12
2.067324e+14 4.956740e+04 2.254438e+08 1.135707e+04 4.988728e+19 6.326835e+15 4.856161e+18 2.163484e+22 6.240893e+19 6.181320e+13 1.659121e+14 1.869907e+13 1.315754e+16 2.947403e+12 1.308875e+17 1.005468e+13 5.008463e+13 1.034196e+07 7.474452e+12
2.064956e+14 5.098807e+04 2.282258e+08 1.291815e+04 4.633468e+19 6.583601e+15 4.496020e+18 2.244767e+22 5.946127e+19 6.760125e+13 1.784197e+14 1.863419e+13 1.510354e+16 2.894303e+12 1.296054e+17 1.031863e+13 4.626498e+13 9.137488e+06 6.349752e+12
2.035966e+14 5.240479e+04 2.311342e+08 1.165848e+04 4.282956e+19 6.116962e+15 4.306074e+18 2.134106e+22 6.040237e+19 7.062042e+13 1.792742e+14 1.783442e+13 1.484925e+16 3.054566e+12 1.293011e+17 9.536581e+12 4.497673e+13 8.800530e+06 6.470021e+12
1.737246e+14 4.768952e+04 2.278906e+08 1.169682e+04 4.824389e+19 6.162460e+15 4.969918e+18 2.155109e+22 5.871341e+19 6.174375e+13 1.786692e+14 1.815274e+13 1.530564e+16 2.768835e+12 1.164678e+17 1.021553e+13 4.658291e+13 8.818473e+06 7.547411e+12
1.948754e+14 5.274826e+04 2.061641e+08 1.116019e+04 4.904370e+19 6.155606e+15 4.883149e+18 2.231481e+22 6.326537e+19 6.739052e+13 1.769194e+14 1.843408e+13 1.450655e+16 2.995483e+12 1.233560e+17 1.040620e+13 4.384424e+13 8.910986e+06 7.357733e+12
2.067324e+14 4.956740e+04 2.254438e+08 1.135707e+04 4.988728e+19 6.326835e+15 4.856161e+18 2.163484e+22 6.240893e+19 6.181320e+13 1.659121e+14 1.869545e+13 1.316044e+16 2.947403e+12 1.308875e+17 1.005468e+13 5.008463e+13 1.034196e+07 7.474452e+12
2.064956e+14 5.098807e+04 2.282258e+08 1.291815e+04 4.633468e+19 6.583601e+15 4.496020e+18 2.244767e+22 5.946127e+19 6.760125e+13 1.784197e+14 1.863057e+13 1.510644e+16 2.894303e+12 1.296054e+17 1.031863e+13 4.626498e+13 9.137488e+06 6.349752e+12
2.035966e+14 5.240479e+04 2.311342e+08 1.165848e+04 4.282956e+19 6.116962e+15 4.306074e+18 2.134106e+22 6.040237e+19 7.062042e+13 1.792742e+14 1.783080e+13 1.485215e+16 3.054566e+12 1.293011e+17 9.536581e+12 4.497673e+13 8.800530e+06 6.470021e+12
1.737246e+14 4.768952e+04 2.278906e+08 1.169682e+04 4.824389e+19 6.162460e+15 4.969918e+18 2.155109e+22 5.871341e+19 6.174375e+13 1.786692e+14 1.814912e+13 1.530854e+16 2.768835e+12 1.164678e+17 1.021553e+13 4.658291e+13 8.818473e+06 7.547411e+12
1.948754e+14 5.274826e+04 2.061641e+08 1.116019e+04 4.904370e+19 6.155606e+15 4.883149e+18 2.231481e+22 6.326537e+19 6.739052e+13 1.769194e+14 1.843408e+13 1.450365e+16 2.996087e+12 1.233560e+17 1.040620e+13 4.384424e+13 8.910986e+06 7.357733e+12
2.067324e+14 4.956740e+04 2.254438e+08 1.135707e+04 4.988728e+19 6.326835e+15 4.856161e+18 2.163484e+22 6.240893e+19 6.181320e+13 1.659121e+14 1.869545e+13 1.315754e+16 2.948007e+12 1.308875e+17 1.005468e+13 5.008463e+13 1.034196e+07 7.474452e+12
2.064956e+14 5.098807e+04 2.282258e+08 1.291815e+04 4.633468e+19 6.583601e+15 4.496020e+18 2.244767e+22 5.946127e+19 6.760125e+13 1.784197e+14 1.863057e+13 1.510354e+16 2.894907e+12 1.296054e+17 1.031863e+13 4.626498e+13 9.137488e+06 6.349752e+12
2.035966e+14 5.240479e+04 2.311342e+08 1.165848e+04 4.282956e+19 6.116962e+15 4.306074e+18 2.134106e+22 6.040237e+19 7.062042e+13 1.792742e+14 1.783080e+13 1.484925e+16 3.055170e+12 1.293011e+17 9.536581e+12 4.497673e+13 8.800530e+06 6.470021e+12
1.737246e+14 4.768952e+04 2.278906e+08 1.169682e+04 4.824389e+19 6.162460e+15 4.969918e+18 2.155109e+22 5.871341e+19 6.174375e+13 1.786692e+14 1.814912e+13 1.530564e+16 2.769439e+12 1.164678e+17 1.021553e+13 4.658291e+13 8.818473e+06 7.547411e+12
1.948754e+14 5.274826e+04 2.061641e+08 1.116019e+04 4.904370e+19 6.155606e+15 4.883149e+18 2.231481e+22 6.326537e+19 6.739052e+13 1.769194e+14 1.843408e+13 1.450365e+16 2.995483e+12 1.233801e+17 1.040620e+13 4.384424e+13 8.910986e+06 7.357733e+12
2.067324e+14 4.956740e+04 2.254438e+08 1.135707e+04 4.988728e+19 6.326835e+15 4.856161e+18 2.163484e+22 6.240893e+19 6.181320e+13 1.659121e+14 1.869545e+13 1.315754e+16 2.947403e+12 1.309115e+17 1.005468e+13 5.008463e+13 1.034196e+07 7.474452e+12
2.064956e+14 5.098807e+04 2.282258e+08 1.291815e+04 4.633468e+19 6.583601e+15 4.496020e+18 2.244767e+22 5.946127e+19 6.760125e+13 1.784197e+14 1.863057e+13 1.510354e+16 2.894303e+12 1.296294e+17 1.031863e+13 4.626498e+13 9.137488e+06 6.349752e+12
2.035966e+14 5.240479e+04 2.311342e+08 1.165848e+04 4.282956e+19 6.116962e+15 4.306074e+18 2.134106e+22 6.040237e+19 7.062042e+13 1.792742e+14 1.783080e+13 1.484925e+16 3.054566e+12 1.293252e+17 9.536581e+12 4.497673e+13 8.800530e+06 6.470021e+12
1.737246e+14 4.768952e+04 2.278906e+08 1.169682e+04 4.824389e+19 6.162460e+15 4.969918e+18 2.155109e+22 5.871341e+19 6.174375e+13 1.786692e+14 1.814912e+13 1.530564e+16 2.768835e+12 1.164919e+17 1.021553e+13 4.658291e+13 8.818473e+06 7.547411e+12
1.948754e+14 5.274826e+04 2.061641e+08 1.116019e+04 4.904370e+19 6.155606e+15 4.883149e+18 2.231481e+22 6.326537e+19 6.739052e+13 1.769194e+14 1.843408e+13 1.450365e+16 2.995483e+12 1.233560e+17 1.040820e+13 4.384424e+13 8.910986e+06 7.357733e+12
2.067324e+14 4.956740e+04 2.254438e+08 1.135707e+04 4.988728e+19 6.326835e+15 4.856161e+18 2.163484e+22 6.240893e+19 6.181320e+13 1.659121e+14 1.869545e+13 1.315754e+16 2.947403e+12 1.308875e+17 1.005668e+13 5.008463e+13 1.034196e+07 7.474452e+12
2.064956e+14 5.098807e+04 2.282258e+08 1.291815e+04 4.633468e+19 6.583601e+15 4.496020e+18 2.244767e+22 5.946127e+19 6.760125e+13 1.784197e+14 1.863057e+13 1.510354e+16 2.894303e+12 1.296054e+17 1.032063e+13 4.626498e+13 9.137488e+06 6.349752e+12
2.035966e+14 5.240479e+04 2.311342e+08 1.165848e+04 4.282956e+19 6.116962e+15 4.306074e+18 2.134106e+22 6.040237e+19 7.062042e+13 1.792742e+14 1.783080e+13 1.484925e+16 3.054566e+12 1.293011e+17 9.538581e+12 4.497673e+13 8.800530e+06 6.470021e+12
1.737246e+14 4.768952e+04 2.278906e+08 1.169682e+04 4.824389e+19 6.162460e+15 4.969918e+18 2.155109e+22 5.871341e+19 6.174375e+13 1.786692e+14 1.814912e+13 1.530564e+16 2.768835e+12 1.164678e+17 1.021753e+13 4.658291e+13 8.818473e+06 7.547411e+12
1.948754e+14 5.274826e+04 2.061641e+08 1.116019e+04 4.904370e+19 6.155606e+15 4.883149e+18 2.231481e+22 6.326537e+19 6.739052e+13 1.769194e+14 1.843408e+13 1.450365e+16 2.995483e+12 1.233560e+17 1.040620e+13 4.385388e+13 8.910986e+06 7.357733e+12
2.067324e+14 4.956740e+04 2.254438e+08 1.135707e+04 4.988728e+19 6.326835e+15 4.856161e+18 2.163484e+22 6.240893e+19 6.181320e+13 1.659121e+14 1.869545e+13 1.315754e+16 2.947403e+12 1.308875e+17 1.005468e+13 5.009427e+13 1.034196e+07 7.474452e+12
2.064956e+14 5.098807e+04 2.282258e+08 1.291815e+04 4.633468e+19 6.583601e+15 4.496020e+18 2.244767e+22 5.946127e+19 6.760125e+13 1.784197e+14 1.863057e+13 1.510354e+16 2.894303e+12 1.296054e+17 1.031863e+13 4.627462e+13 9.137488e+06 6.349752e+12
2.035966e+14 5.240479e+04 2.311342e+08 1.165848e+04 4.282956e+19 6.116962e+15 4.306074e+18 2.134106e+22 6.040237e+19 7.062042e+13 1.792742e+14 1.783080e+13 1.484925e+16 3.054566e+12 1.293011e+17 9.536581e+12 4.498637e+13 8.800530e+06 6.470021e+12
1.737246e+14 4.768952e+04 2.278906e+08 1.169682e+04 4.824389e+19 6.162460e+15 4.969918e+18 2.155109e+22 5.871341e+19 6.174375e+13 1.786692e+14 1.814912e+13 1.530564e+16 2.768835e+12 1.164678e+17 1.021553e+13 4.659255e+13 8.818473e+06 7.547411e+12
1.948754e+14 5.274826e+04 2.061641e+08 1.116019e+04 4.904370e+19 6.155606e+15 4.883149e+18 2.231481e+22 6.326537e+19 6.739052e+13 1.769194e+14 1.843408e+13 1.450365e+16 2.995483e+12 1.233560e+17 1.040620e+13 4.384424e+13 8.912896e+06 7.357733e+12
2.067324e+14 4.956740e+04 2.254438e+08 1.135707e+04 4.988728e+19 6.326835e+15 4.856161e+18 2.163484e+22 6.240893e+19 6.181320e+13 1.659121e+14 1.869545e+13 1.315754e+16 2.947403e+12 1.308875e+17 1.005468e+13 5.008463e+13 1.034387e+07 7.474452e+12
2.064956e+14 5.098807e+04 2.282258e+08 1.291815e+04 4.633468e+19 6.583601e+15 4.496020e+18 2.244767e+22 5.946127e+19 6.760125e+13 1.784197e+14 1.863057e+13 1.510354e+16 2.894303e+12 1.296054e+17 1.031863e+13 4.626498e+13 9.139398e+06 6.349752e+12
2.035966e+14 5.240479e+04 2.311342e+08 1.165848e+04 4.282956e+19 6.116962e+15 4.306074e+18 2.134106e+22 6.040237e+19 7.062042e+13 1.792742e+14 1.783080e+13 1.484925e+16 3.054566e+12 1.293011e+17 9.536581e+12 4.497673e+13 8.802440e+06 6.470021e+12
1.737246e+14 4.768952e+04 2.278906e+08 1.169682e+04 4.824389e+19 6.162460e+15 4.969918e+18 2.155109e+22 5.871341e+19 6.174375e+13 1.786692e+14 1.814912e+13 1.530564e+16 2.768835e+12 1.164678e+17 1.021553e+13 4.658291e+13 8.820383e+06 7.547411e+12
1.948754e+14 5.274826e+04 2.061641e+08 1.116019e+04 4.904370e+19 6.155606e+15 4.883149e+18 2.231481e+22 6.326537e+19 6.739052e+13 1.769194e+14 1.843408e+13 1.450365e+16 2.995483e+12 1.233560e+17 1.040620e+13 4.384424e+13 8.910986e+06 7.359133e+12
2.067324e+14 4.956740e+04 2.254438e+08 1.135707e+04 4.988728e+19 6.326835e+15 4.856161e+18 2.163484e+22 6.240893e+19 6.181320e+13 1.659121e+14 1.869545e+13 1.315754e+16 2.947403e+12 1.308875e+17 1.005468e+13 5.008463e+13 1.034196e+07 7.475852e+12
2.064956e+14 5.098807e+04 2.282258e+08 1.291815e+04 4.633468e+19 6.583601e+15 4.496020e+18 2.244767e+22 5.946127e+19 6.760125e+13 1.784197e+14 1.863057e+13 1.510354e+16 2.894303e+12 1.296054e+17 1.031863e+13 4.626498e+13 9.137488e+06 6.351152e+12
2.035966e+14 5.240479e+04 2.311342e+08 1.165848e+04 4.282956e+19 6.116962e+15 4.306074e+18 2.134106e+22 6.040237e+19 7.062042e+13 1.792742e+14 1.783080e+13 1.484925e+16 3.054566e+12 1.293011e+17 9.536581e+12 4.497673e+13 8.800530e+06 6.471421e+12
1.737246e+14 4.768952e+04 2.278906e+08 1.169682e+04 4.824389e+19 6.162460e+15 4.969918e+18 2.155109e+22 5.871341e+19 6.174375e+13 1.786692e+14 1.814912e+13 1.530564e+16 2.768835e+12 1.164678e+17 1.021553e+13 4.658291e+13 8.818473e+06 7.548811e+12
