1.307918314235e-01
1.273213199186e-01
1.239170326112e-01
1.205767585128e-01
1.172987207275e-01
1.140809273379e-01
1.109218158716e-01
1.078196024212e-01
1.047728965137e-01
1.017801056612e-01
1.345710379183e-01
1.311219252038e-01
1.277376501777e-01
1.244160382198e-01
1.211553482847e-01
1.179536334026e-01
1.148093414411e-01
1.117207239696e-01
1.086864037107e-01
1.057048095500e-01
1.382302622912e-01
1.348030095405e-01
1.314392682974e-01
1.281369078433e-01
1.248942319240e-01
1.217093096073e-01
1.185806339907e-01
1.155064777717e-01
1.124854846967e-01
1.095161046528e-01
1.417749252638e-01
1.383698890485e-01
1.350270950764e-01
1.317444550867e-01
1.285203093035e-01
1.253527723280e-01
1.222403556911e-01
1.191813628283e-01
1.161744679796e-01
1.132181348124e-01
1.452101871726e-01
1.418276283059e-01
1.385060922261e-01
1.352435415282e-01
1.320383464545e-01
1.288886573207e-01
1.257930192119e-01
1.227497677284e-01
1.197575963858e-01
1.168149956547e-01
1.485409568104e-01
1.451810645077e-01
1.418810249339e-01
1.386388419521e-01
1.354529193213e-01
1.323214522246e-01
1.292430108550e-01
1.262159617451e-01
1.232390290047e-01
1.203107183899e-01
1.517718156700e-01
1.484347169289e-01
1.451563404008e-01
1.419347312938e-01
1.387683347451e-01
1.356553771137e-01
1.325944649888e-01
1.295839945778e-01
1.266227147136e-01
1.237091598945e-01
1.549071732687e-01
1.515929376627e-01
1.483363323478e-01
1.451354454506e-01
1.419887650959e-01
1.388945439107e-01
1.358514228914e-01
1.328578313270e-01
1.299125379768e-01
1.270141035967e-01
1.579511728804e-01
1.546598279183e-01
1.514250597661e-01
1.482449996966e-01
1.451181573082e-01
1.420428370812e-01
1.390177117097e-01
1.360412268240e-01
1.331121907426e-01
1.302291844246e-01
1.609077390287e-01
1.576392757922e-01
1.544263659605e-01
1.512671792270e-01
1.481602722803e-01
1.451039722823e-01
1.420969863026e-01
1.391377944757e-01
1.362252211789e-01
1.333578834265e-01
