1.132218996767e-01
1.347684709092e-01
1.372864043718e-01
1.277325058163e-01
1.227501595169e-01
1.236054134648e-01
1.609788240025e-01
1.096285647193e-01
1.120497561467e-01
1.627850567993e-01
1.426194076398e-01
1.450420077202e-01
1.434933876822e-01
1.320581080642e-01
1.240462493598e-01
1.147041298342e-01
1.398087735302e-01
1.347134741388e-01
1.134685761737e-01
1.546584495363e-01
1.461810260672e-01
1.128919948677e-01
1.078637717101e-01
1.112740831065e-01
1.196079608002e-01
1.428255580922e-01
1.257403662357e-01
1.556237489469e-01
1.512264403711e-01
1.122753475492e-01
1.181037956802e-01
1.278346737702e-01
1.281729922968e-01
1.341134158517e-01
1.094247046118e-01
1.369242901408e-01
1.447002184847e-01
1.194304208627e-01
1.344349889749e-01
1.377279462121e-01
1.234881788108e-01
1.104966594487e-01
1.111837503813e-01
1.281152727989e-01
1.323528086386e-01
1.186774090683e-01
1.253199136441e-01
1.561029346522e-01
1.071098620083e-01
1.472181927519e-01
1.566565063039e-01
1.475756832285e-01
1.271900196492e-01
1.232029597985e-01
1.223916218328e-01
1.532425713980e-01
1.219423303826e-01
1.389576602836e-01
1.377944772303e-01
1.531292382242e-01
1.480871826534e-01
1.464750067285e-01
1.279126796108e-01
1.304453667556e-01
1.276513009712e-01
1.269199075592e-01
1.389597372449e-01
9.855643417123e-02
1.218979983264e-01
1.441657105136e-01
1.135970971130e-01
1.145703498970e-01
1.369020690981e-01
1.243118051367e-01
1.066270289944e-01
1.379902697960e-01
1.138733443660e-01
1.453945196702e-01
1.499890966940e-01
1.325955579402e-01
1.466866962680e-01
1.256927240438e-01
1.439956678973e-01
1.508713977425e-01
1.131769393768e-01
1.130250279571e-01
1.065893882665e-01
1.101584838504e-01
1.594691729710e-01
1.334504072602e-01
1.202021744651e-01
1.161509211338e-01
1.173595308335e-01
1.186488779071e-01
1.362105201609e-01
1.171559673684e-01
1.315708754831e-01
1.242679862921e-01
1.263936123780e-01
1.415741531546e-01
