1 14.4433
2 8.0701
3 13.5856
4 17.6661
5 14.1190
6 12.6475
7 18.6463
8 19.0808
9 11.9697
10 15.5407
11 16.0173
12 11.8439
13 8.3295
14 15.6298
15 16.7767
16 11.2130
17 12.4217
18 6.1764
19 16.9852
20 19.3815
21 14.7159
22 8.0317
23 13.4586
24 17.7676
25 14.1539
26 12.7296
27 18.6788
28 19.1959
29 12.2156
30 15.5080
31 15.8938
32 11.8173
33 8.3906
34 15.6221
35 16.6693
36 11.2342
37 12.5784
38 6.0673
39 16.8526
40 19.3643
41 14.5134
42 8.0850
43 13.4846
44 17.6961
45 14.0720
46 12.6014
47 18.6675
48 19.0327
49 11.9317
50 15.7941
51 15.7405
52 11.9661
53 8.4254
54 15.5356
55 16.7926
56 11.1068
57 12.6485
58 6.1754
59 16.9895
60 19.3022
61 14.3100
62 8.0876
63 13.4402
64 17.7993
65 14.0841
66 12.6603
67 18.6139
68 19.0914
69 11.8532
70 15.4333
71 15.9386
72 11.9579
73 8.3592
74 15.5236
75 16.5229
76 11.1216
77 12.6269
78 6.0971
79 16.8649
80 19.4298
81 14.5789
82 7.9891
83 13.5375
84 17.6825
85 14.2886
86 12.6538
87 18.6379
88 19.0897
89 12.0559
90 15.6081
91 15.8464
92 11.8959
93 8.3769
94 15.3772
95 16.6718
96 11.0321
97 12.7176
98 6.1717
99 16.9124
100 19.2645
101 14.6241
102 7.8810
103 13.4779
104 17.7382
105 14.0727
106 12.6982
107 18.5911
108 19.2268
109 12.1101
110 15.2831
111 15.9546
112 11.8903
113 8.3661
114 15.6074
115 16.5773
116 11.0823
117 12.5463
118 6.1105
119 16.7429
120 19.3782
121 14.4522
122 8.0112
123 13.4522
124 17.6503
125 14.1012
126 12.5817
127 18.6728
128 19.0095
129 11.8007
130 15.5673
131 15.8315
132 11.8762
133 8.4266
134 15.4804
135 16.7453
136 11.2381
137 12.7905
138 6.0463
139 16.9548
140 19.3390
141 14.5800
142 7.9009
143 13.2913
144 17.7030
145 14.2378
146 12.4941
147 18.6329
148 19.1385
149 11.9316
150 15.3044
151 15.8856
152 11.9570
153 8.3679
154 15.5447
155 16.6519
156 11.1050
157 12.6203
158 6.1145
159 16.8258
160 19.1611
