1 14.4433
2 8.0701
3 13.5856
4 17.6661
5 14.1190
6 12.6475
7 18.6463
8 19.0808
9 11.9697
10 15.5407
11 16.0173
12 11.8439
13 8.3295
14 15.6298
15 16.7767
16 11.2130
17 12.4217
18 6.1764
19 16.9852
20 19.3815
21 8.7204
22 12.9562
23 14.6790
24 7.8467
25 13.4326
26 10.5757
27 12.6487
28 10.6360
29 20.4462
30 11.2513
31 9.1021
32 9.7412
33 14.5888
34 12.8958
35 19.0196
36 14.7159
37 8.0317
38 13.4586
39 17.7676
40 14.1539
41 12.7296
42 18.6788
43 19.1959
44 12.2156
45 15.5080
46 15.8938
47 11.8173
48 8.3906
49 15.6221
50 16.6693
51 11.2342
52 12.5784
53 6.0673
54 16.8526
55 19.3643
56 8.6396
57 13.0318
58 14.6380
59 7.7738
60 13.4291
61 10.3850
62 12.8822
63 10.5534
64 20.4953
65 11.2455
66 9.0989
67 9.7851
68 14.2635
69 12.9518
70 19.4448
71 14.5134
72 8.0850
73 13.4846
74 17.6961
75 14.0720
76 12.6014
77 18.6675
78 19.0327
79 11.9317
80 15.7941
81 15.7405
82 11.9661
83 8.4254
84 15.5356
85 16.7926
86 11.1068
87 12.6485
88 6.1754
89 16.9895
90 19.3022
91 8.7363
92 12.9743
93 14.5650
94 7.8015
95 13.4155
96 10.4180
97 12.6787
98 10.7233
99 20.5295
100 11.2661
101 9.1378
102 9.7372
103 14.3518
104 12.9793
105 19.3236
106 14.3100
107 8.0876
108 13.4402
109 17.7993
110 14.0841
111 12.6603
112 18.6139
113 19.0914
114 11.8532
115 15.4333
116 15.9386
117 11.9579
118 8.3592
119 15.5236
120 16.5229
121 11.1216
122 12.6269
123 6.0971
124 16.8649
125 19.4298
126 8.8039
127 13.0227
128 14.6268
129 7.8441
130 13.4495
131 10.4866
132 12.8020
133 10.6582
134 20.4246
135 11.1592
136 9.0673
137 9.7123
138 14.4534
139 12.9679
140 18.9880
141 14.5789
142 7.9891
143 13.5375
144 17.6825
145 14.2886
146 12.6538
147 18.6379
148 19.0897
149 12.0559
150 15.6081
151 15.8464
152 11.8959
153 8.3769
154 15.3772
155 16.6718
156 11.0321
157 12.7176
158 6.1717
159 16.9124
160 19.2645
161 8.6884
162 13.0839
163 14.5636
164 7.9820
165 13.3975
166 10.6195
167 12.7917
168 10.5994
169 20.5676
170 11.2431
171 9.0756
172 9.7768
173 14.3708
174 12.9479
175 19.4277
176 14.6241
177 7.8810
178 13.4779
179 17.7382
180 14.0727
181 12.6982
182 18.5911
183 19.2268
184 12.1101
185 15.2831
186 15.9546
187 11.8903
188 8.3661
189 15.6074
190 16.5773
191 11.0823
192 12.5463
193 6.1105
194 16.7429
195 19.3782
196 8.7375
197 12.9992
198 14.6306
199 65.9560
200 13.4268
201 10.5215
202 12.8071
203 10.6830
204 20.5273
205 11.0965
206 9.0377
207 9.7388
208 14.3885
209 12.9292
210 19.4130
211 14.4522
212 8.0112
213 13.4522
214 17.6503
215 14.1012
216 12.5817
217 18.6728
218 19.0095
219 11.8007
220 15.5673
221 15.8315
222 11.8762
223 8.4266
224 15.4804
225 16.7453
226 11.2381
227 12.7905
228 6.0463
229 16.9548
230 19.3390
231 8.6416
232 13.0450
233 14.6189
234 7.9059
235 13.6024
236 10.3900
237 12.7668
238 10.6847
239 20.5614
240 11.1938
241 9.2666
242 9.6821
243 14.3663
244 12.8774
245 19.2764
246 14.5800
247 7.9009
248 13.2913
249 17.7030
250 14.2378
251 12.4941
252 18.6329
253 19.1385
254 11.9316
255 15.3044
256 15.8856
257 11.9570
258 8.3679
259 15.5447
260 16.6519
261 11.1050
262 12.6203
263 6.1145
264 16.8258
265 19.1611
266 8.5865
267 13.0556
268 14.4876
269 7.9843
270 13.4680
271 10.3441
272 12.6606
273 10.6518
274 20.5659
275 11.1798
276 9.0462
277 9.7282
278 14.1737
279 12.8856
280 19.0909
