1 14.4433
2 8.0701
3 13.5856
4 17.6661
5 14.1190
6 12.6475
7 18.6463
8 19.0808
9 11.9697
10 15.5407
11 16.0173
12 11.8439
13 8.3295
14 15.6298
15 16.7767
16 11.2130
17 12.4217
18 6.1764
19 16.9852
20 19.3815
21 8.7204
22 12.9562
23 14.6790
24 7.8467
25 13.4326
26 10.5757
27 12.6487
28 10.6360
29 20.4462
30 11.2513
31 14.7159
32 8.0317
33 13.4586
34 17.7676
35 14.1539
36 12.7296
37 18.6788
38 19.1959
39 12.2156
40 15.5080
41 15.8938
42 11.8173
43 8.3906
44 15.6221
45 16.6693
46 11.2342
47 12.5784
48 6.0673
49 16.8526
50 19.3643
51 8.6396
52 13.0318
53 14.6380
54 7.7738
55 13.4291
56 10.3850
57 12.8822
58 10.5534
59 20.4953
60 11.2455
61 14.5134
62 8.0850
63 13.4846
64 17.6961
65 14.0720
66 12.6014
67 18.6675
68 19.0327
69 11.9317
70 15.7941
71 15.7405
72 11.9661
73 8.4254
74 15.5356
75 16.7926
76 11.1068
77 12.6485
78 6.1754
79 16.9895
80 19.3022
81 8.7363
82 12.9743
83 14.5650
84 7.8015
85 13.4155
86 10.4180
87 12.6787
88 10.7233
89 20.5295
90 11.2661
91 14.3100
92 8.0876
93 13.4402
94 17.7993
95 14.0841
96 12.6603
97 18.6139
98 19.0914
99 11.8532
100 15.4333
101 15.9386
102 11.9579
103 8.3592
104 15.5236
105 16.5229
106 11.1216
107 12.6269
108 6.0971
109 16.8649
110 19.4298
111 8.8039
112 13.0227
113 14.6268
114 7.8441
115 13.4495
116 10.4866
117 12.8020
118 10.6582
119 20.4246
120 11.1592
121 14.5789
122 7.9891
123 13.5375
124 17.6825
125 14.2886
126 12.6538
127 18.6379
128 19.0897
129 12.0559
130 15.6081
131 15.8464
132 11.8959
133 8.3769
134 15.3772
135 16.6718
136 11.0321
137 12.7176
138 6.1717
139 16.9124
140 19.2645
141 8.6884
142 13.0839
143 14.5636
144 20.8285
145 13.3975
146 10.6195
147 12.7917
148 10.5994
149 20.5676
150 11.2431
151 14.6241
152 7.8810
153 13.4779
154 17.7382
155 14.0727
156 12.6982
157 18.5911
158 19.2268
159 12.1101
160 15.2831
161 15.9546
162 11.8903
163 8.3661
164 15.6074
165 16.5773
166 11.0823
167 12.5463
168 6.1105
169 16.7429
170 19.3782
171 8.7375
172 12.9992
173 14.6306
174 65.9560
175 13.4268
176 10.5215
177 12.8071
178 10.6830
179 20.5273
180 11.0965
181 14.4522
182 8.0112
183 13.4522
184 17.6503
185 14.1012
186 12.5817
187 18.6728
188 19.0095
189 11.8007
190 15.5673
191 15.8315
192 11.8762
193 8.4266
194 15.4804
195 16.7453
196 11.2381
197 12.7905
198 6.0463
199 16.9548
200 19.3390
201 8.6416
202 13.0450
203 14.6189
204 7.9059
205 13.6024
206 10.3900
207 12.7668
208 10.6847
209 20.5614
210 11.1938
211 14.5800
212 7.9009
213 13.2913
214 17.7030
215 14.2378
216 12.4941
217 18.6329
218 19.1385
219 11.9316
220 15.3044
221 15.8856
222 11.9570
223 8.3679
224 15.5447
225 16.6519
226 11.1050
227 12.6203
228 6.1145
229 16.8258
230 19.1611
231 8.5865
232 13.0556
233 14.4876
234 7.9843
235 13.4680
236 10.3441
237 12.6606
238 10.6518
239 20.5659
240 11.1798
