1 14.4433
2 8.0701
3 13.5856
4 17.6661
5 14.1190
6 12.6475
7 18.6463
8 19.0808
9 11.9697
10 15.5407
11 16.0173
12 11.8439
13 8.3295
14 15.6298
15 16.7767
16 14.7159
17 8.0317
18 13.4586
19 17.7676
20 14.1539
21 12.7296
22 18.6788
23 19.1959
24 12.2156
25 15.5080
26 15.8938
27 11.8173
28 8.3906
29 15.6221
30 16.6693
31 14.5134
32 8.0850
33 13.4846
34 17.6961
35 14.0720
36 12.6014
37 18.6675
38 19.0327
39 11.9317
40 15.7941
41 15.7405
42 11.9661
43 8.4254
44 15.5356
45 16.7926
46 14.3100
47 8.0876
48 13.4402
49 17.7993
50 14.0841
51 12.6603
52 18.6139
53 19.0914
54 11.8532
55 15.4333
56 15.9386
57 11.9579
58 8.3592
59 15.5236
60 16.5229
61 14.5789
62 7.9891
63 13.5375
64 17.6825
65 14.2886
66 12.6538
67 18.6379
68 19.0897
69 12.0559
70 15.6081
71 15.8464
72 11.8959
73 8.3769
74 15.3772
75 16.6718
76 14.6241
77 7.8810
78 13.4779
79 17.7382
80 14.0727
81 12.6982
82 18.5911
83 19.2268
84 12.1101
85 15.2831
86 15.9546
87 11.8903
88 8.3661
89 15.6074
90 16.5773
91 14.4522
92 8.0112
93 13.4522
94 17.6503
95 14.1012
96 12.5817
97 18.6728
98 19.0095
99 11.8007
100 15.5673
101 15.8315
102 11.8762
103 8.4266
104 15.4804
105 16.7453
106 14.5800
107 7.9009
108 13.2913
109 17.7030
110 14.2378
111 12.4941
112 18.6329
113 19.1385
114 11.9316
115 15.3044
116 15.8856
117 11.9570
118 8.3679
119 15.5447
120 16.6519
