1 14.4433
2 8.0701
3 13.5856
4 17.6661
5 14.1190
6 12.6475
7 18.6463
8 19.0808
9 11.9697
10 15.5407
11 16.0173
12 11.8439
13 8.3295
14 15.6298
15 16.7767
16 11.2130
17 12.4217
18 6.1764
19 16.9852
20 19.3815
21 8.7204
22 12.9562
23 14.6790
24 7.8467
25 13.4326
26 14.7159
27 8.0317
28 13.4586
29 17.7676
30 14.1539
31 12.7296
32 18.6788
33 19.1959
34 12.2156
35 15.5080
36 15.8938
37 11.8173
38 8.3906
39 15.6221
40 16.6693
41 11.2342
42 12.5784
43 6.0673
44 16.8526
45 19.3643
46 8.6396
47 13.0318
48 14.6380
49 7.7738
50 13.4291
51 14.5134
52 8.0850
53 13.4846
54 17.6961
55 14.0720
56 12.6014
57 18.6675
58 19.0327
59 11.9317
60 15.7941
61 15.7405
62 11.9661
63 8.4254
64 15.5356
65 16.7926
66 11.1068
67 12.6485
68 6.1754
69 16.9895
70 19.3022
71 8.7363
72 12.9743
73 14.5650
74 7.8015
75 13.4155
76 14.3100
77 8.0876
78 13.4402
79 17.7993
80 14.0841
81 12.6603
82 18.6139
83 19.0914
84 11.8532
85 15.4333
86 15.9386
87 11.9579
88 8.3592
89 15.5236
90 16.5229
91 11.1216
92 12.6269
93 6.0971
94 16.8649
95 19.4298
96 8.8039
97 13.0227
98 14.6268
99 7.8441
100 13.4495
101 14.5789
102 7.9891
103 13.5375
104 17.6825
105 14.2886
106 12.6538
107 18.6379
108 19.0897
109 12.0559
110 15.6081
111 15.8464
112 11.8959
113 8.3769
114 15.3772
115 16.6718
116 11.0321
117 12.7176
118 6.1717
119 16.9124
120 19.2645
121 8.6884
122 13.0839
123 14.5636
124 20.8285
125 13.3975
126 14.6241
127 7.8810
128 13.4779
129 17.7382
130 14.0727
131 12.6982
132 18.5911
133 19.2268
134 12.1101
135 15.2831
136 15.9546
137 11.8903
138 8.3661
139 15.6074
140 16.5773
141 11.0823
142 12.5463
143 6.1105
144 16.7429
145 19.3782
146 8.7375
147 12.9992
148 14.6306
149 65.9560
150 13.4268
151 14.4522
152 8.0112
153 13.4522
154 17.6503
155 14.1012
156 12.5817
157 18.6728
158 19.0095
159 11.8007
160 15.5673
161 15.8315
162 11.8762
163 8.4266
164 15.4804
165 16.7453
166 11.2381
167 12.7905
168 6.0463
169 16.9548
170 19.3390
171 8.6416
172 13.0450
173 14.6189
174 7.9059
175 13.6024
176 14.5800
177 7.9009
178 13.2913
179 17.7030
180 14.2378
181 12.4941
182 18.6329
183 19.1385
184 11.9316
185 15.3044
186 15.8856
187 11.9570
188 8.3679
189 15.5447
190 16.6519
191 11.1050
192 12.6203
193 6.1145
194 16.8258
195 19.1611
196 8.5865
197 13.0556
198 14.4876
199 7.9843
200 13.4680
