1.185958036114e-01
1.334134844861e-01
1.187117269133e-01
1.322047655517e-01
1.145730583100e-01
1.185676037520e-01
1.333867403613e-01
1.186838541324e-01
1.321746175479e-01
1.145461904043e-01
1.185956659385e-01
1.334133727279e-01
1.187115852616e-01
1.322046511294e-01
1.145729280996e-01
1.185956783910e-01
1.334133572935e-01
1.187116236199e-01
1.322046507061e-01
1.145729692425e-01
1.185958032910e-01
1.334134845671e-01
1.187117268631e-01
1.322047638308e-01
1.145730589671e-01
1.185958028841e-01
1.334134846291e-01
1.187117269359e-01
1.322047660568e-01
1.145730579121e-01
1.185958029316e-01
1.334134846542e-01
1.187117268922e-01
1.322047654264e-01
1.145730563519e-01
1.185958033754e-01
1.334134843051e-01
1.187117268777e-01
1.322047618660e-01
1.145730592109e-01
1.185958037231e-01
1.334134846424e-01
1.187117269413e-01
1.322047631537e-01
1.145730589843e-01
1.186294463638e-01
1.334405159545e-01
1.187448904676e-01
1.322374192132e-01
1.146064122461e-01
1.185963838309e-01
1.334141277348e-01
1.187123585951e-01
1.322052464389e-01
1.145733895714e-01
1.185903728681e-01
1.334081119312e-01
1.187061900397e-01
1.321992047391e-01
1.145678102912e-01
1.185959076256e-01
1.334135761438e-01
1.187118351020e-01
1.322048609588e-01
1.145731624876e-01
1.185958595249e-01
1.334135412107e-01
1.187117786470e-01
1.322048184076e-01
1.145731056795e-01
1.186016198219e-01
1.334197786010e-01
1.187171652062e-01
1.322113092444e-01
1.145788987976e-01
1.185807779233e-01
1.333981687894e-01
1.186978209521e-01
1.321878096202e-01
1.145583122440e-01
1.185960297977e-01
1.334137730757e-01
1.187119562937e-01
1.322050456212e-01
1.145732564410e-01
1.185832417320e-01
1.333997400446e-01
1.186986061957e-01
1.321908605709e-01
1.145607216084e-01
1.185958254094e-01
1.334135047368e-01
1.187117493751e-01
1.322047845653e-01
1.145730806200e-01
1.185958637813e-01
1.334135490706e-01
1.187117825213e-01
1.322048243808e-01
1.145731088126e-01
