1.371821211338e-01
1.142999221331e-01
1.107331605046e-01
1.183669954930e-01
1.388932460987e-01
1.371536148099e-01
1.142754163167e-01
1.107074103392e-01
1.183403340403e-01
1.388619723165e-01
1.371819983741e-01
1.142997863231e-01
1.107330329849e-01
1.183668784186e-01
1.388930983020e-01
1.371819819082e-01
1.142998240957e-01
1.107330714919e-01
1.183669016186e-01
1.388931240768e-01
1.371821220096e-01
1.142999220119e-01
1.107331599451e-01
1.183669945215e-01
1.388932458638e-01
1.371821220590e-01
1.142999214022e-01
1.107331591169e-01
1.183669951079e-01
1.388932490066e-01
1.371821212311e-01
1.142999217947e-01
1.107331601953e-01
1.183669952977e-01
1.388932489682e-01
1.371821217910e-01
1.142999220943e-01
1.107331602209e-01
1.183669964458e-01
1.388932459394e-01
1.371821220538e-01
1.142999212560e-01
1.107331590231e-01
1.183669943164e-01
1.388932461666e-01
1.372130345876e-01
1.143285677601e-01
1.107649191681e-01
1.183987323617e-01
1.389263422283e-01
1.371824852851e-01
1.143002266519e-01
1.107336006593e-01
1.183674447473e-01
1.388937302339e-01
1.371767960585e-01
1.142949076869e-01
1.107280372623e-01
1.183618804741e-01
1.388874178221e-01
1.371822220016e-01
1.143000225558e-01
1.107332600689e-01
1.183670926659e-01
1.388933569029e-01
1.371821820370e-01
1.142999707614e-01
1.107332090562e-01
1.183670441962e-01
1.388933033568e-01
1.371883521935e-01
1.143052998484e-01
1.107385415790e-01
1.183723103151e-01
1.389005850499e-01
1.371661632265e-01
1.142877614527e-01
1.107212479051e-01
1.183540072012e-01
1.388762348482e-01
1.371823946940e-01
1.143001247065e-01
1.107333501394e-01
1.183672100224e-01
1.388935469458e-01
1.371655916488e-01
1.142874841566e-01
1.107201296880e-01
1.183529732678e-01
1.388769280587e-01
1.371821426046e-01
1.142999418046e-01
1.107331778933e-01
1.183670142323e-01
1.388932686030e-01
1.371821867718e-01
1.142999715590e-01
1.107332058032e-01
1.183670448783e-01
1.388933063293e-01
