1.317374474997e-01
1.557863057184e-01
1.174085666660e-01
1.383633040962e-01
1.350401225648e-01
1.317091364356e-01
1.557566087150e-01
1.173803599658e-01
1.383364071304e-01
1.350101195181e-01
1.317372854203e-01
1.557861424599e-01
1.174084502379e-01
1.383631437187e-01
1.350399727232e-01
1.317373318535e-01
1.557861815167e-01
1.174084345721e-01
1.383631731354e-01
1.350400234005e-01
1.317374477459e-01
1.557863046251e-01
1.174085672396e-01
1.383633040837e-01
1.350401233074e-01
1.317374472888e-01
1.557863038108e-01
1.174085661958e-01
1.383633042064e-01
1.350401233663e-01
1.317374480478e-01
1.557863038668e-01
1.174085666634e-01
1.383633054955e-01
1.350401226684e-01
1.317374457016e-01
1.557863041493e-01
1.174085666738e-01
1.383633040964e-01
1.350401230462e-01
1.317374467052e-01
1.557863055171e-01
1.174085667389e-01
1.383633042087e-01
1.350401224871e-01
1.317695236764e-01
1.558134560706e-01
1.174424858947e-01
1.383917177179e-01
1.350738192067e-01
1.317380178099e-01
1.557867745345e-01
1.174092374897e-01
1.383635966878e-01
1.350404556677e-01
1.317318103885e-01
1.557805349067e-01
1.174030385799e-01
1.383579528719e-01
1.350345318664e-01
1.317375612192e-01
1.557864162614e-01
1.174086652974e-01
1.383634167248e-01
1.350402354406e-01
1.317375005123e-01
1.557863643095e-01
1.174086262499e-01
1.383633614690e-01
1.350401739823e-01
1.317438745226e-01
1.557939547823e-01
1.174145901968e-01
1.383695483194e-01
1.350460581131e-01
1.317203283450e-01
1.557676691318e-01
1.173942665918e-01
1.383473763086e-01
1.350235340741e-01
1.317377042806e-01
1.557866732998e-01
1.174087880757e-01
1.383635791636e-01
1.350403973573e-01
1.317228270910e-01
1.557690177599e-01
1.173953152359e-01
1.383473738102e-01
1.350245381542e-01
1.317374731336e-01
1.557863307878e-01
1.174085860831e-01
1.383633287859e-01
1.350401483734e-01
1.317375099484e-01
1.557863744540e-01
1.174086273107e-01
1.383633685930e-01
1.350401813923e-01
