1.211737839376e-01
1.515354467919e-01
1.336067958398e-01
1.179050812456e-01
1.385288266086e-01
1.211437452632e-01
1.515042753871e-01
1.335805566120e-01
1.178777681409e-01
1.385011513836e-01
1.211736513602e-01
1.515353134119e-01
1.336066715300e-01
1.179049729585e-01
1.385287104466e-01
1.211736928530e-01
1.515353274753e-01
1.336066860212e-01
1.179049819540e-01
1.385286805738e-01
1.211737830893e-01
1.515354469672e-01
1.336067966352e-01
1.179050800438e-01
1.385288266095e-01
1.211737827933e-01
1.515354485515e-01
1.336067988412e-01
1.179050814432e-01
1.385288267508e-01
1.211737812942e-01
1.515354488401e-01
1.336067986372e-01
1.179050806236e-01
1.385288264713e-01
1.211737825228e-01
1.515354470128e-01
1.336067950882e-01
1.179050811093e-01
1.385288266519e-01
1.211737840257e-01
1.515354467691e-01
1.336067967678e-01
1.179050800097e-01
1.385288266815e-01
1.212098248710e-01
1.515662813464e-01
1.336349624556e-01
1.179356377100e-01
1.385569647869e-01
1.211743901363e-01
1.515356019594e-01
1.336071656789e-01
1.179057080506e-01
1.385293429507e-01
1.211681414781e-01
1.515301187843e-01
1.336016575247e-01
1.178997766493e-01
1.385235343169e-01
1.211738904527e-01
1.515355451572e-01
1.336068980384e-01
1.179051719212e-01
1.385289235889e-01
1.211738326028e-01
1.515355051859e-01
1.336068516585e-01
1.179051305473e-01
1.385288888088e-01
1.211799549012e-01
1.515418741953e-01
1.336136868601e-01
1.179104471489e-01
1.385344992135e-01
1.211594435508e-01
1.515176308848e-01
1.335907967096e-01
1.178923907259e-01
1.385135458982e-01
1.211740142930e-01
1.515357867601e-01
1.336070481719e-01
1.179053215045e-01
1.385291265765e-01
1.211589752629e-01
1.515176341520e-01
1.335915274909e-01
1.178926406006e-01
1.385135519271e-01
1.211738029444e-01
1.515354692424e-01
1.336068162069e-01
1.179050986310e-01
1.385288486626e-01
1.211738326690e-01
1.515355144539e-01
1.336068566313e-01
1.179051323464e-01
1.385288989220e-01
