1.823430845836e-01
1.740810381932e-01
1.378174246595e-01
1.480544155059e-01
1.579218898159e-01
1.839741026581e-01
1.414641581407e-01
1.637613445997e-01
1.486329539468e-01
1.534373489004e-01
1.391165482362e-01
1.345532575759e-01
1.266823942733e-01
1.397760645322e-01
1.825658898888e-01
1.236254075290e-01
1.760063204089e-01
1.711347618047e-01
1.558655541291e-01
1.585022337282e-01
1.988209580226e-01
1.886983376255e-01
1.488611900487e-01
1.525847732170e-01
1.547758338796e-01
1.251512061581e-01
1.732286113304e-01
1.422850536120e-01
1.308444867234e-01
1.624716367040e-01
1.685788205819e-01
1.884984529448e-01
1.858770019397e-01
1.459910389084e-01
1.523550705773e-01
1.740601131419e-01
1.411503108429e-01
1.921185183490e-01
1.395235354047e-01
1.520425973297e-01
1.658109226392e-01
1.693737873360e-01
1.349571615319e-01
1.995724876021e-01
1.398969370512e-01
1.361711348185e-01
1.551100743212e-01
1.568754966156e-01
1.228844022683e-01
1.059404625250e-01
1.196495521433e-01
1.183649042417e-01
1.521170132029e-01
1.564830603383e-01
1.729959605201e-01
1.673206296629e-01
1.581066616433e-01
1.747764320663e-01
1.714713836611e-01
1.695792202088e-01
1.822998532350e-01
1.740406557753e-01
1.377775973869e-01
1.480137920346e-01
1.578817588416e-01
1.839300793601e-01
1.414240532877e-01
1.637220708964e-01
1.485911074583e-01
1.533983676617e-01
1.390789889088e-01
1.345108454716e-01
1.266403290870e-01
1.397335484593e-01
1.825178103349e-01
1.235876610400e-01
1.759634146294e-01
1.710908470690e-01
1.558261975128e-01
1.584586406305e-01
1.987749531729e-01
1.886535739681e-01
1.488238856594e-01
1.525469194102e-01
1.547359529863e-01
1.251121800927e-01
1.731855755910e-01
1.422461251416e-01
1.308053217532e-01
1.624302440037e-01
1.685343101309e-01
1.884540578753e-01
1.858313979850e-01
1.459509323055e-01
1.523125859111e-01
1.740168126421e-01
1.411096050563e-01
1.920720625227e-01
1.394820304085e-01
1.519984517496e-01
1.657655065856e-01
1.693333530502e-01
1.349177990756e-01
1.995253636799e-01
1.398601203354e-01
1.361342659110e-01
1.550657943133e-01
1.568318623490e-01
1.228441372177e-01
1.059042953860e-01
1.196114932540e-01
1.183264904080e-01
1.520781786052e-01
1.564406611039e-01
1.729537526418e-01
1.672712311928e-01
1.580668004347e-01
1.747309883753e-01
1.714306504704e-01
1.695373795206e-01
1.823427133997e-01
1.740807396442e-01
1.378171078708e-01
1.480541272661e-01
1.579215495534e-01
1.839737657484e-01
1.414639052647e-01
1.637610347858e-01
1.486326687526e-01
1.534370670632e-01
1.391162452804e-01
1.345529533753e-01
1.266820753784e-01
1.397758190785e-01
1.825656267731e-01
1.236250624195e-01
1.760059302525e-01
1.711344958610e-01
1.558651743646e-01
1.585019736337e-01
1.988206091290e-01
1.886979776182e-01
1.488609207370e-01
1.525845141958e-01
1.547755321722e-01
1.251509259694e-01
1.732282715551e-01
1.422848273454e-01
1.308441688955e-01
1.624713793637e-01
1.685785056109e-01
1.884981042986e-01
1.858767453132e-01
1.459907236378e-01
1.523547852247e-01
1.740598078493e-01
1.411499701307e-01
1.921182494103e-01
1.395232528942e-01
1.520422930711e-01
1.658106740444e-01
1.693735433011e-01
1.349568060554e-01
1.995721195431e-01
1.398966408579e-01
1.361708970399e-01
1.551097796388e-01
1.568752419147e-01
1.228841614209e-01
1.059401880336e-01
1.196492979049e-01
1.183645877038e-01
1.521167382716e-01
1.564827969242e-01
1.729957120126e-01
1.673203448034e-01
1.581063627977e-01
1.747760791818e-01
1.714710943046e-01
1.695789141696e-01
1.823428058823e-01
1.740807892895e-01
1.378171846769e-01
1.480541721979e-01
1.579216375228e-01
1.839738222213e-01
1.414639490677e-01
1.637611162663e-01
1.486327409372e-01
1.534371029536e-01
1.391163610957e-01
1.345530468582e-01
1.266822228178e-01
1.397758153140e-01
1.825656054873e-01
1.236252390282e-01
1.760060415321e-01
1.711345376118e-01
1.558652788632e-01
1.585020260530e-01
1.988207228430e-01
1.886981407266e-01
1.488609406706e-01
1.525845769508e-01
1.547755918680e-01
1.251509950509e-01
1.732283964715e-01
1.422848509282e-01
1.308442723001e-01
1.624713997537e-01
1.685785597145e-01
1.884982414406e-01
1.858767364802e-01
1.459908289873e-01
1.523548423498e-01
1.740598491129e-01
1.411500928921e-01
1.921182157286e-01
1.395233376945e-01
1.520423412062e-01
1.658106955061e-01
1.693735816206e-01
1.349569273925e-01
1.995722282388e-01
1.398967113521e-01
1.361709324383e-01
1.551098163650e-01
1.568752138811e-01
1.228842133417e-01
1.059403183836e-01
1.196493640870e-01
1.183647098794e-01
1.521167699473e-01
1.564828562944e-01
1.729957596521e-01
1.673204380785e-01
1.581063809716e-01
1.747761736915e-01
1.714711394301e-01
1.695790083563e-01
1.823430869391e-01
1.740810385268e-01
1.378174257436e-01
1.480544140430e-01
1.579218903901e-01
1.839741019943e-01
1.414641567768e-01
1.637613456190e-01
1.486329547046e-01
1.534373470765e-01
1.391165481286e-01
1.345532581953e-01
1.266823942681e-01
1.397760642605e-01
1.825658896589e-01
1.236254075230e-01
1.760063188877e-01
1.711347601549e-01
1.558655545696e-01
1.585022325944e-01
1.988209581374e-01
1.886983390552e-01
1.488611923805e-01
1.525847729011e-01
1.547758345812e-01
1.251512065065e-01
1.732286111947e-01
1.422850540522e-01
1.308444863869e-01
1.624716378332e-01
1.685788207054e-01
1.884984524558e-01
1.858770035493e-01
1.459910389454e-01
1.523550698351e-01
1.740601133042e-01
1.411503117072e-01
1.921185176118e-01
1.395235353002e-01
1.520425976510e-01
1.658109213375e-01
1.693737862250e-01
1.349571615255e-01
1.995724882908e-01
1.398969364361e-01
1.361711348745e-01
1.551100745976e-01
1.568754975676e-01
1.228844024505e-01
1.059404625517e-01
1.196495521649e-01
1.183649052032e-01
1.521170130229e-01
1.564830603791e-01
1.729959600855e-01
1.673206297363e-01
1.581066651942e-01
1.747764320511e-01
1.714713818592e-01
1.695792187056e-01
1.823430872154e-01
1.740810389865e-01
1.378174247889e-01
1.480544166043e-01
1.579218890303e-01
1.839741026589e-01
1.414641582409e-01
1.637613437749e-01
1.486329560175e-01
1.534373472233e-01
1.391165488357e-01
1.345532579045e-01
1.266823942809e-01
1.397760655457e-01
1.825658896595e-01
1.236254085595e-01
1.760063206869e-01
1.711347609002e-01
1.558655540099e-01
1.585022284891e-01
1.988209583272e-01
1.886983381148e-01
1.488611901859e-01
1.525847732292e-01
1.547758335058e-01
1.251512065460e-01
1.732286128670e-01
1.422850540704e-01
1.308444871014e-01
1.624716372093e-01
1.685788231841e-01
1.884984541620e-01
1.858770024851e-01
1.459910409016e-01
1.523550699610e-01
1.740601132927e-01
1.411503101217e-01
1.921185209799e-01
1.395235354339e-01
1.520425981408e-01
1.658109225366e-01
1.693737863821e-01
1.349571615419e-01
1.995724882790e-01
1.398969368514e-01
1.361711348684e-01
1.551100731341e-01
1.568754976183e-01
1.228844028946e-01
1.059404621997e-01
1.196495520210e-01
1.183649042012e-01
1.521170131409e-01
1.564830602486e-01
1.729959607981e-01
1.673206295174e-01
1.581066644798e-01
1.747764294625e-01
1.714713805628e-01
1.695792199859e-01
1.823430873848e-01
1.740810389730e-01
1.378174247381e-01
1.480544137543e-01
1.579218860703e-01
1.839741014843e-01
1.414641563964e-01
1.637613449372e-01
1.486329547790e-01
1.534373478092e-01
1.391165488450e-01
1.345532565265e-01
1.266823942777e-01
1.397760651144e-01
1.825658891788e-01
1.236254084772e-01
1.760063193791e-01
1.711347609184e-01
1.558655544794e-01
1.585022320978e-01
1.988209581493e-01
1.886983354261e-01
1.488611906669e-01
1.525847734451e-01
1.547758346107e-01
1.251512063642e-01
1.732286127094e-01
1.422850540518e-01
1.308444863472e-01
1.624716381001e-01
1.685788232981e-01
1.884984536539e-01
1.858770017288e-01
1.459910406089e-01
1.523550709461e-01
1.740601133087e-01
1.411503111589e-01
1.921185169375e-01
1.395235353141e-01
1.520425975549e-01
1.658109220115e-01
1.693737865371e-01
1.349571619352e-01
1.995724880225e-01
1.398969373237e-01
1.361711348786e-01
1.551100729547e-01
1.568754973116e-01
1.228844018337e-01
1.059404626535e-01
1.196495521013e-01
1.183649046122e-01
1.521170131411e-01
1.564830603136e-01
1.729959600254e-01
1.673206314550e-01
1.581066656616e-01
1.747764289891e-01
1.714713786343e-01
1.695792194556e-01
1.823430846444e-01
1.740810385724e-01
1.378174224672e-01
1.480544143484e-01
1.579218903378e-01
1.839741023694e-01
1.414641582912e-01
1.637613447453e-01
1.486329545768e-01
1.534373486933e-01
1.391165489451e-01
1.345532580167e-01
1.266823942764e-01
1.397760637323e-01
1.825658886271e-01
1.236254075346e-01
1.760063196946e-01
1.711347622572e-01
1.558655546464e-01
1.585022339082e-01
1.988209577439e-01
1.886983354214e-01
1.488611904576e-01
1.525847732274e-01
1.547758346137e-01
1.251512062309e-01
1.732286122677e-01
1.422850538515e-01
1.308444861849e-01
1.624716373000e-01
1.685788193404e-01
1.884984533434e-01
1.858770024561e-01
1.459910414235e-01
1.523550699787e-01
1.740601133005e-01
1.411503113441e-01
1.921185178175e-01
1.395235350807e-01
1.520425973027e-01
1.658109226691e-01
1.693737873013e-01
1.349571615385e-01
1.995724878848e-01
1.398969368226e-01
1.361711348636e-01
1.551100730449e-01
1.568754970165e-01
1.228844021842e-01
1.059404624707e-01
1.196495519316e-01
1.183649050894e-01
1.521170132402e-01
1.564830601362e-01
1.729959602458e-01
1.673206291512e-01
1.581066652744e-01
1.747764322474e-01
1.714713818450e-01
1.695792210852e-01
1.823430846758e-01
1.740810386268e-01
1.378174256816e-01
1.480544148615e-01
1.579218902285e-01
1.839741019380e-01
1.414641568067e-01
1.637613449899e-01
1.486329554387e-01
1.534373483211e-01
1.391165481861e-01
1.345532580228e-01
1.266823943061e-01
1.397760645529e-01
1.825658897462e-01
1.236254075648e-01
1.760063187224e-01
1.711347590489e-01
1.558655544504e-01
1.585022327100e-01
1.988209578977e-01
1.886983388200e-01
1.488611901047e-01
1.525847732598e-01
1.547758343750e-01
1.251512063100e-01
1.732286113685e-01
1.422850536434e-01
1.308444862158e-01
1.624716372957e-01
1.685788206882e-01
1.884984530232e-01
1.858770037470e-01
1.459910406972e-01
1.523550696525e-01
1.740601133460e-01
1.411503115116e-01
1.921185184171e-01
1.395235355167e-01
1.520425976092e-01
1.658109229219e-01
1.693737871149e-01
1.349571615742e-01
1.995724877359e-01
1.398969370332e-01
1.361711349091e-01
1.551100740268e-01
1.568754973291e-01
1.228844026837e-01
1.059404624895e-01
1.196495521759e-01
1.183649051089e-01
1.521170129437e-01
1.564830607171e-01
1.729959605001e-01
1.673206296915e-01
1.581066653091e-01
1.747764323100e-01
1.714713831447e-01
1.695792200463e-01
1.823838873527e-01
1.741165963090e-01
1.378628598855e-01
1.480964200972e-01
1.579621310883e-01
1.840153925300e-01
1.415078602489e-01
1.637999210456e-01
1.486799580262e-01
1.534778750017e-01
1.391587315340e-01
1.346029350875e-01
1.267343732119e-01
1.398255575451e-01
1.826121153730e-01
1.236709113362e-01
1.760480230191e-01
1.711772890256e-01
1.559068964746e-01
1.585466293585e-01
1.988618703385e-01
1.887410608483e-01
1.488995220536e-01
1.526248307050e-01
1.548183413436e-01
1.251964677595e-01
1.732723393323e-01
1.423283041111e-01
1.308883594844e-01
1.625148423339e-01
1.686256686442e-01
1.885399480927e-01
1.859184210384e-01
1.460340627298e-01
1.523995587702e-01
1.741011362960e-01
1.411956028946e-01
1.921613831716e-01
1.395695818304e-01
1.520896487397e-01
1.658560119733e-01
1.694133258489e-01
1.350030751371e-01
1.996152839391e-01
1.399364249371e-01
1.362112279055e-01
1.551553866835e-01
1.569224912304e-01
1.229333003329e-01
1.059865561818e-01
1.196965585323e-01
1.184122625405e-01
1.521587197061e-01
1.565278214635e-01
1.730355737057e-01
1.673723711764e-01
1.581489918784e-01
1.748223696733e-01
1.715098093743e-01
1.696183491985e-01
1.823420090595e-01
1.740800787347e-01
1.378165063089e-01
1.480535733310e-01
1.579208174211e-01
1.839727129142e-01
1.414633277666e-01
1.637602799718e-01
1.486318777505e-01
1.534362240997e-01
1.391154651632e-01
1.345525363222e-01
1.266816768689e-01
1.397751630453e-01
1.825643162053e-01
1.236246015908e-01
1.760050840674e-01
1.711333538156e-01
1.558645806704e-01
1.585012387931e-01
1.988196907079e-01
1.886967645807e-01
1.488600915278e-01
1.525836136168e-01
1.547745357047e-01
1.251504471958e-01
1.732272125512e-01
1.422838889782e-01
1.308438753169e-01
1.624704932290e-01
1.685775422926e-01
1.884969991560e-01
1.858758531220e-01
1.459901439542e-01
1.523541548151e-01
1.740586201019e-01
1.411493672785e-01
1.921170016219e-01
1.395225974966e-01
1.520416746960e-01
1.658097009411e-01
1.693725929665e-01
1.349563153996e-01
1.995711624798e-01
1.398958528561e-01
1.361703963398e-01
1.551089865288e-01
1.568745805448e-01
1.228837593556e-01
1.059397815164e-01
1.196486887244e-01
1.183640435443e-01
1.521158464713e-01
1.564821278576e-01
1.729945266371e-01
1.673194584934e-01
1.581055988531e-01
1.747750179684e-01
1.714703986341e-01
1.695782548590e-01
1.823394139734e-01
1.740775401923e-01
1.378138303325e-01
1.480508290034e-01
1.579183398890e-01
1.839702615530e-01
1.414605722427e-01
1.637580515004e-01
1.486291969987e-01
1.534336410240e-01
1.391131770644e-01
1.345492457391e-01
1.266784458771e-01
1.397723689534e-01
1.825621517072e-01
1.236218405094e-01
1.760026159860e-01
1.711310052222e-01
1.558619709469e-01
1.584985410346e-01
1.988172616079e-01
1.886947374208e-01
1.488578183274e-01
1.525813217554e-01
1.547724582141e-01
1.251474667140e-01
1.732249302520e-01
1.422815625930e-01
1.308408204226e-01
1.624680955403e-01
1.685750785010e-01
1.884949609582e-01
1.858731661076e-01
1.459876264582e-01
1.523514311568e-01
1.740564937464e-01
1.411466845060e-01
1.921148398597e-01
1.395198333246e-01
1.520389179862e-01
1.658072061210e-01
1.693703401737e-01
1.349536025469e-01
1.995685481391e-01
1.398934525366e-01
1.361675913240e-01
1.551063724786e-01
1.568718190916e-01
1.228807463443e-01
1.059369768033e-01
1.196459673582e-01
1.183613262071e-01
1.521134375603e-01
1.564792765110e-01
1.729924196115e-01
1.673166908639e-01
1.581031886350e-01
1.747726576455e-01
1.714678148879e-01
1.695756826389e-01
1.823433318003e-01
1.740812502076e-01
1.378176573417e-01
1.480546275995e-01
1.579221276758e-01
1.839743473365e-01
1.414643590602e-01
1.637615770557e-01
1.486331861645e-01
1.534375692561e-01
1.391167678923e-01
1.345534856379e-01
1.266826308307e-01
1.397762725440e-01
1.825660926802e-01
1.236256480507e-01
1.760065695694e-01
1.711349716270e-01
1.558658054760e-01
1.585024400427e-01
1.988212044398e-01
1.886985850616e-01
1.488614077538e-01
1.525849850556e-01
1.547760565277e-01
1.251514176633e-01
1.732288541172e-01
1.422852572581e-01
1.308447202689e-01
1.624718487447e-01
1.685790524177e-01
1.884986925576e-01
1.858772138410e-01
1.459912689420e-01
1.523552826555e-01
1.740603433556e-01
1.411505456826e-01
1.921187346678e-01
1.395237512570e-01
1.520428226929e-01
1.658111290883e-01
1.693739927918e-01
1.349574063808e-01
1.995727415442e-01
1.398971575377e-01
1.361713398967e-01
1.551102904755e-01
1.568757055759e-01
1.228846034192e-01
1.059406756254e-01
1.196497634601e-01
1.183651329507e-01
1.521172341308e-01
1.564832796991e-01
1.729961572394e-01
1.673208424101e-01
1.581068832988e-01
1.747766848182e-01
1.714715979894e-01
1.695794427976e-01
1.823431900286e-01
1.740811381065e-01
1.378175173309e-01
1.480545150137e-01
1.579219876863e-01
1.839742087286e-01
1.414642466085e-01
1.637614383675e-01
1.486330492453e-01
1.534374468453e-01
1.391166319733e-01
1.345533452077e-01
1.266824738117e-01
1.397761614322e-01
1.825659950996e-01
1.236254927902e-01
1.760064241539e-01
1.711348630868e-01
1.558656544513e-01
1.585023194990e-01
1.988210563215e-01
1.886984325855e-01
1.488612871378e-01
1.525848602071e-01
1.547759328918e-01
1.251512952711e-01
1.732287077703e-01
1.422851404406e-01
1.308445754380e-01
1.624717350838e-01
1.685789217530e-01
1.884985503594e-01
1.858771091815e-01
1.459911281915e-01
1.523551598053e-01
1.740602171385e-01
1.411504041193e-01
1.921186267761e-01
1.395236190752e-01
1.520426943167e-01
1.658110143052e-01
1.693738794567e-01
1.349572545716e-01
1.995725946545e-01
1.398970324942e-01
1.361712225194e-01
1.551101696140e-01
1.568755962937e-01
1.228844865427e-01
1.059405330739e-01
1.196496366281e-01
1.183649926434e-01
1.521171064938e-01
1.564831564014e-01
1.729960494266e-01
1.673207184334e-01
1.581067632636e-01
1.747765353945e-01
1.714714782493e-01
1.695793102122e-01
1.823503096213e-01
1.740877385563e-01
1.378227531411e-01
1.480594813728e-01
1.579274214165e-01
1.839814852648e-01
1.414695130166e-01
1.637670261242e-01
1.486389988768e-01
1.534434956206e-01
1.391215917626e-01
1.345586729037e-01
1.266873253247e-01
1.397811187647e-01
1.825716299412e-01
1.236301245803e-01
1.760129770157e-01
1.711414134133e-01
1.558710128110e-01
1.585080540839e-01
1.988282842153e-01
1.887051520470e-01
1.488664203277e-01
1.525899754097e-01
1.547812881480e-01
1.251562056850e-01
1.732354082499e-01
1.422899664486e-01
1.308496949245e-01
1.624773619904e-01
1.685842116569e-01
1.885048237948e-01
1.858835220898e-01
1.459958649882e-01
1.523598403391e-01
1.740662625597e-01
1.411553105689e-01
1.921246339698e-01
1.395283493282e-01
1.520474771056e-01
1.658166075715e-01
1.693799327417e-01
1.349615777068e-01
1.995804007603e-01
1.399025256390e-01
1.361767399615e-01
1.551157028284e-01
1.568808399634e-01
1.228887783999e-01
1.059447783926e-01
1.196539907112e-01
1.183695471901e-01
1.521232661880e-01
1.564891180155e-01
1.730017903813e-01
1.673261747918e-01
1.581123876554e-01
1.747824765405e-01
1.714774792387e-01
1.695850122488e-01
1.823180953563e-01
1.740612232383e-01
1.378000857682e-01
1.480377483414e-01
1.579031625804e-01
1.839495284739e-01
1.414469622938e-01
1.637409554109e-01
1.486138730070e-01
1.534187216379e-01
1.391000232115e-01
1.345358297566e-01
1.266658086611e-01
1.397583931733e-01
1.825435305878e-01
1.236118472316e-01
1.759834394616e-01
1.711151732850e-01
1.558462182596e-01
1.584824145999e-01
1.987941318404e-01
1.886735712981e-01
1.488445026864e-01
1.525670947791e-01
1.547561992874e-01
1.251369776702e-01
1.732061276400e-01
1.422681769258e-01
1.308296184206e-01
1.624505417356e-01
1.685568448155e-01
1.884748162378e-01
1.858547453466e-01
1.459743217207e-01
1.523374863212e-01
1.740404442805e-01
1.411343854395e-01
1.920942197990e-01
1.395076476019e-01
1.520250590554e-01
1.657911730348e-01
1.693539215660e-01
1.349411665444e-01
1.995450741259e-01
1.398812844359e-01
1.361553860421e-01
1.550917652714e-01
1.568546212338e-01
1.228697881089e-01
1.059286639441e-01
1.196358383418e-01
1.183511817419e-01
1.520969439956e-01
1.564637246975e-01
1.729763740845e-01
1.672990691771e-01
1.580865640062e-01
1.747541759604e-01
1.714502948235e-01
1.695590454691e-01
1.823432684081e-01
1.740812245469e-01
1.378175402324e-01
1.480545548134e-01
1.579220400987e-01
1.839742862020e-01
1.414642842884e-01
1.637614976159e-01
1.486330781703e-01
1.534374833489e-01
1.391166587372e-01
1.345533723045e-01
1.266824937157e-01
1.397761800432e-01
1.825660804260e-01
1.236255009907e-01
1.760064888513e-01
1.711349303764e-01
1.558656909492e-01
1.585023897086e-01
1.988211692992e-01
1.886985177239e-01
1.488613220288e-01
1.525849006344e-01
1.547759658596e-01
1.251513123191e-01
1.732287680420e-01
1.422851710732e-01
1.308446021916e-01
1.624717816340e-01
1.685789735239e-01
1.884986401850e-01
1.858772028159e-01
1.459911712921e-01
1.523552158685e-01
1.740602878425e-01
1.411504345441e-01
1.921187174075e-01
1.395236606653e-01
1.520427440688e-01
1.658110930046e-01
1.693739427428e-01
1.349572698161e-01
1.995726982630e-01
1.398970557448e-01
1.361712511245e-01
1.551102306705e-01
1.568756411599e-01
1.228845007802e-01
1.059405382405e-01
1.196496407366e-01
1.183649943641e-01
1.521171395920e-01
1.564832037334e-01
1.729961342493e-01
1.673207977615e-01
1.581067992422e-01
1.747765994158e-01
1.714715527096e-01
1.695793974484e-01
1.823259860526e-01
1.740652962916e-01
1.378042099387e-01
1.480406955624e-01
1.579075382391e-01
1.839565915387e-01
1.414511121505e-01
1.637467163861e-01
1.486172691031e-01
1.534228125569e-01
1.391030033756e-01
1.345402719993e-01
1.266697211042e-01
1.397616915636e-01
1.825472016180e-01
1.236122315143e-01
1.759893455013e-01
1.711166253393e-01
1.558506890188e-01
1.584876574797e-01
1.988015461639e-01
1.886787113186e-01
1.488474789906e-01
1.525695928912e-01
1.547610767622e-01
1.251394761765e-01
1.732102793256e-01
1.422712899572e-01
1.308322555266e-01
1.624558539218e-01
1.685614692624e-01
1.884790203945e-01
1.858582169388e-01
1.459768613361e-01
1.523404547578e-01
1.740422335053e-01
1.411357862733e-01
1.920991890341e-01
1.395098834703e-01
1.520271356213e-01
1.657947664228e-01
1.693562887776e-01
1.349436882581e-01
1.995520346322e-01
1.398837950954e-01
1.361586308389e-01
1.550954373467e-01
1.568605531592e-01
1.228723357787e-01
1.059303707579e-01
1.196374017888e-01
1.183531141072e-01
1.521027809035e-01
1.564670870462e-01
1.729791376732e-01
1.673033592670e-01
1.580909011576e-01
1.747582093045e-01
1.714558787996e-01
1.695640867124e-01
1.823431568533e-01
1.740810958054e-01
1.378174826266e-01
1.480544660850e-01
1.579219549783e-01
1.839741731501e-01
1.414642078484e-01
1.637614115013e-01
1.486330101353e-01
1.534374056686e-01
1.391166014979e-01
1.345533138318e-01
1.266824505710e-01
1.397761142800e-01
1.825659463534e-01
1.236254573340e-01
1.760063890464e-01
1.711348129353e-01
1.558656226014e-01
1.585022889356e-01
1.988210322318e-01
1.886984084086e-01
1.488612480057e-01
1.525848277194e-01
1.547758943280e-01
1.251512543123e-01
1.732286753377e-01
1.422851052993e-01
1.308445399774e-01
1.624716960606e-01
1.685788857108e-01
1.884985218260e-01
1.858770625606e-01
1.459910985440e-01
1.523551266778e-01
1.740601724242e-01
1.411503667167e-01
1.921185826219e-01
1.395235877000e-01
1.520426537319e-01
1.658109787973e-01
1.693738397914e-01
1.349572219020e-01
1.995725616250e-01
1.398969892905e-01
1.361711839455e-01
1.551101294182e-01
1.568755560608e-01
1.228844494460e-01
1.059405059297e-01
1.196495979875e-01
1.183649532726e-01
1.521170713974e-01
1.564831152713e-01
1.729960139299e-01
1.673206859306e-01
1.581067236380e-01
1.747765013564e-01
1.714714453993e-01
1.695792845692e-01
1.823432417342e-01
1.740811763347e-01
1.378175440286e-01
1.480545450072e-01
1.579220262998e-01
1.839742574662e-01
1.414642727906e-01
1.637614816127e-01
1.486330737349e-01
1.534374798883e-01
1.391166532079e-01
1.345533684357e-01
1.266824922736e-01
1.397761861622e-01
1.825660408478e-01
1.236254989508e-01
1.760064705208e-01
1.711348907983e-01
1.558656925204e-01
1.585023539882e-01
1.988211090767e-01
1.886984707550e-01
1.488613166015e-01
1.525848874697e-01
1.547759698565e-01
1.251513105073e-01
1.732287392063e-01
1.422851664853e-01
1.308445924990e-01
1.624717757440e-01
1.685789656215e-01
1.884985941547e-01
1.858771526013e-01
1.459911551897e-01
1.523551923250e-01
1.740602494669e-01
1.411504221665e-01
1.921186835648e-01
1.395236391651e-01
1.520427231686e-01
1.658110480571e-01
1.693739083619e-01
1.349572798183e-01
1.995726459170e-01
1.398970536000e-01
1.361712427782e-01
1.551102011518e-01
1.568756397463e-01
1.228845030088e-01
1.059405377989e-01
1.196496476708e-01
1.183650028146e-01
1.521171401536e-01
1.564831840758e-01
1.729960841852e-01
1.673207540445e-01
1.581068012299e-01
1.747765764299e-01
1.714715243844e-01
1.695793505532e-01
