SUCCESS
           4
           2
           2
           5
           3
           2
           1
           9
           0
           4
           3
           9
          19
           0
           0
           0
           6
           0
           0
           0
           0
           0
           0
           0
           0
           0
           0
           0
           0
           0
           0
           0
  1.0000000000000000e-04
H               
O               
N               
  1.0079700000000000e+00
  1.5999400000000000e+01
  1.4006700000000000e+01
H2                              
O2                              
O                               
OH                              
H2O                             
H                               
HO2                             
H2O2                            
N2                              
  2.0159400000000001e+00
  3.1998799999999999e+01
  1.5999400000000000e+01
  1.7007369999999998e+01
  1.8015339999999998e+01
  1.0079700000000000e+00
  3.3006769999999996e+01
  3.4014739999999996e+01
  2.8013400000000001e+01
           2
           0
           0
           0
           2
           0
           0
           1
           0
           1
           1
           0
           2
           1
           0
           1
           0
           0
           1
           2
           0
           2
           2
           0
           0
           0
           2
           0
           0
           0
           0
           0
           0
           0
           0
           0
           2
           2
           2
           2
           2
           2
           2
           2
           2
           0
           0
           0
           0
           0
           0
           0
           0
           0
  3.0000000000000000e+02
  1.0000000000000000e+03
  5.0000000000000000e+03
  3.0000000000000000e+02
  1.0000000000000000e+03
  5.0000000000000000e+03
  3.0000000000000000e+02
  1.0000000000000000e+03
  5.0000000000000000e+03
  3.0000000000000000e+02
  1.0000000000000000e+03
  5.0000000000000000e+03
  3.0000000000000000e+02
  1.0000000000000000e+03
  5.0000000000000000e+03
  3.0000000000000000e+02
  1.0000000000000000e+03
  5.0000000000000000e+03
  3.0000000000000000e+02
  1.0000000000000000e+03
  5.0000000000000000e+03
  3.0000000000000000e+02
  1.0000000000000000e+03
  5.0000000000000000e+03
  3.0000000000000000e+02
  1.0000000000000000e+03
  5.0000000000000000e+03
  3.2981240000000001e+00
  8.2494410000000002e-04
 -8.1430150000000002e-07
 -9.4754339999999994e-11
  4.1348719999999999e-13
 -1.0125209000000000e+03
 -3.2940939999999999e+00
  2.9914230000000002e+00
  7.0006440000000005e-04
 -5.6338280000000001e-08
 -9.2315779999999998e-12
  1.5827519000000000e-15
 -8.3503399999999999e+02
 -1.3551101000000001e+00
  3.2129360000000000e+00
  1.1274863999999999e-03
 -5.7561500000000004e-07
  1.3138773000000000e-09
 -8.7685540000000003e-13
 -1.0052490000000000e+03
  6.0347369999999998e+00
  3.6975780000000000e+00
  6.1351970000000000e-04
 -1.2588420000000000e-07
  1.7752810000000000e-11
 -1.1364354000000000e-15
 -1.2339301000000000e+03
  3.1891650000000000e+00
  2.9464280000000000e+00
 -1.6381665000000001e-03
  2.4210310000000000e-06
 -1.6028431000000000e-09
  3.8906960000000000e-13
  2.9147639999999999e+04
  2.9639950000000002e+00
  2.5420590000000001e+00
 -2.7550610000000001e-05
 -3.1028029999999998e-09
  4.5510670000000002e-12
 -4.3680509999999999e-16
  2.9230799999999999e+04
  4.9203080000000003e+00
  3.6372659999999999e+00
  1.8509099999999999e-04
 -1.6761646000000001e-06
  2.3872020000000000e-09
 -8.4314419999999998e-13
  3.6067809999999999e+03
  1.3588605000000000e+00
  2.8827300000000000e+00
  1.0139743000000001e-03
 -2.2768769999999999e-07
  2.1746830000000001e-11
 -5.1263050000000002e-16
  3.8868879999999999e+03
  5.5957119999999998e+00
  3.3868420000000001e+00
  3.4749820000000002e-03
 -6.3546960000000002e-06
  6.9685809999999998e-09
 -2.5065880000000002e-12
 -3.0208110000000001e+04
  2.5902319999999999e+00
  2.6721450000000000e+00
  3.0562929999999999e-03
 -8.7302600000000002e-07
  1.2009964000000000e-10
 -6.3916179999999999e-15
 -2.9899209999999999e+04
  6.8628169999999997e+00
  2.5000000000000000e+00
  0.0000000000000000e+00
  0.0000000000000000e+00
  0.0000000000000000e+00
  0.0000000000000000e+00
  2.5471619999999999e+04
 -4.6011760000000002e-01
  2.5000000000000000e+00
  0.0000000000000000e+00
  0.0000000000000000e+00
  0.0000000000000000e+00
  0.0000000000000000e+00
  2.5471619999999999e+04
 -4.6011760000000002e-01
  2.9799630000000001e+00
  4.9966969999999996e-03
 -3.7909969999999999e-06
  2.3541919999999999e-09
 -8.0890239999999999e-13
  1.7622730000000001e+02
  9.2227239999999995e+00
  4.0721910000000001e+00
  2.1312960000000000e-03
 -5.3081450000000004e-07
  6.1122690000000006e-11
 -2.8411639999999999e-15
 -1.5797270000000000e+02
  3.4760290000000000e+00
  3.3887529999999999e+00
  6.5692260000000001e-03
 -1.4850124999999999e-07
 -4.6258050000000002e-09
  2.4715140000000001e-12
 -1.7663139999999999e+04
  6.7853630000000003e+00
  4.5731669999999998e+00
  4.3361360000000000e-03
 -1.4746888000000001e-06
  2.3489029999999999e-10
 -1.4316536000000001e-14
 -1.8006959999999999e+04
  5.0113690000000000e-01
  3.2986770000000001e+00
  1.4082404000000000e-03
 -3.9632219999999998e-06
  5.6415150000000002e-09
 -2.4448539999999999e-12
 -1.0208999000000000e+03
  3.9503720000000002e+00
  2.9266399999999999e+00
  1.4879768000000001e-03
 -5.6847600000000001e-07
  1.0097038000000000e-10
 -6.7533509999999998e-15
 -9.2279769999999996e+02
  5.9805279999999996e+00
           4
           4
           4
           3
           2
           2
           3
           3
           3
           4
           3
           4
           4
           3
           2
           4
           4
           4
           4
           2
           2
           2
           1
           1
           1
           2
           2
           2
           2
           2
           2
           2
           1
           1
           2
           2
           2
           2
          -1
           6
          -1
           2
           1
           3
           1
           4
           0
          -1
           3
          -1
           1
           1
           6
           1
           4
           0
          -1
           1
          -1
           4
           1
           5
           1
           6
           0
          -2
           4
           0
           0
           1
           3
           1
           5
           0
          -1
           1
           0
           0
           2
           6
           0
           0
           1
          -2
           3
           0
           0
           1
           2
           0
           0
          -1
          -1
           3
          -1
           6
           1
           4
           0
           0
          -1
          -1
           6
          -1
           4
           1
           5
           0
           0
          -1
          -1
           6
          -1
           2
           1
           7
           0
           0
          -1
          -1
           7
          -1
           6
           1
           1
           1
           2
           0
          -1
           7
          -1
           6
           2
           4
           0
           0
           0
          -1
           7
          -1
           3
           1
           2
           1
           4
           0
          -1
           7
          -1
           4
           1
           5
           1
           2
           0
          -2
           7
           0
           0
           1
           8
           1
           2
           0
          -1
           8
           0
           0
           2
           4
           0
           0
           1
          -1
           8
          -1
           6
           1
           5
           1
           4
           0
          -1
           8
          -1
           6
           1
           7
           1
           1
           0
          -1
           8
          -1
           3
           1
           4
           1
           7
           0
          -1
           8
          -1
           4
           1
           7
           1
           5
           0
  2.1065000000000000e+14
  0.0000000000000000e+00
  8.2729197957489050e+03
  5.0800000000000000e+04
  2.6699999999999999e+00
  3.1652472941156093e+03
  2.1600000000000000e+08
  1.5100000000000000e+00
  1.7260410522760794e+03
  1.2300000000000000e+04
  2.6200000000000001e+00
 -9.4605165547493561e+02
  4.5770000000000000e+19
 -1.3999999999999999e+00
  5.2536060016799616e+04
  6.1650000000000000e+15
 -5.0000000000000000e-01
  0.0000000000000000e+00
  4.7140000000000000e+18
 -1.0000000000000000e+00
  0.0000000000000000e+00
  2.2400000000000000e+22
 -2.0000000000000000e+00
  0.0000000000000000e+00
  6.7870000000000000e+19
 -1.4199999999999999e+00
  0.0000000000000000e+00
  6.6300000000000000e+13
  0.0000000000000000e+00
  1.0718563968944750e+03
  1.6900000000000000e+14
  0.0000000000000000e+00
  4.3981337600270945e+02
  1.8100000000000000e+13
  0.0000000000000000e+00
 -2.0128758627126291e+02
  1.4500000000000000e+16
 -1.0000000000000000e+00
  0.0000000000000000e+00
  3.0200000000000000e+12
  0.0000000000000000e+00
  6.9947436229263860e+02
  1.2020000000000000e+17
  0.0000000000000000e+00
  2.2896462938356155e+04
  1.0000000000000000e+13
  0.0000000000000000e+00
  1.8065560867845845e+03
  4.8200000000000000e+13
  0.0000000000000000e+00
  4.0005907771413504e+03
  9.5500000000000000e+06
  2.0000000000000000e+00
  1.9977792937422844e+03
  7.0000000000000000e+12
  0.0000000000000000e+00
  7.1960312091976493e+02
0
0
0
0
0
0
0
0
0
0
0
0
0
0
0
0
0
0
0
           6
           2
           5
           2
           6
           2
           7
           2
           8
           2
           9
           2
          15
           2
           1
           5
           1
           5
           1
           5
           1
           5
           1
           5
           1
           5
  2.5000000000000000e+00
  1.2000000000000000e+01
  2.5000000000000000e+00
  1.2000000000000000e+01
  2.5000000000000000e+00
  1.2000000000000000e+01
  2.5000000000000000e+00
  6.2999999999999998e+00
  2.5000000000000000e+00
  1.2000000000000000e+01
  2.5000000000000000e+00
  1.2000000000000000e+01
