         6          2
           5            2
           6            2
           7            2
           8            2
           9            2
          15            2
         1   2.5000000000000000e+00          5   1.2000000000000000e+01 
         1   2.5000000000000000e+00          5   1.2000000000000000e+01 
         1   2.5000000000000000e+00          5   1.2000000000000000e+01 
         1   2.5000000000000000e+00          5   6.2999999999999998e+00 
         1   2.5000000000000000e+00          5   1.2000000000000000e+01 
         1   2.5000000000000000e+00          5   1.2000000000000000e+01 
