                  H2   3.000000000000e+02   1.000000000000e+03   5.000000000000e+03
   3.298124000000e+00   8.249441000000e-04  -8.143015000000e-07  -9.475434000000e-11   4.134872000000e-13  -1.012520900000e+03  -3.294094000000e+00   2.991423000000e+00   7.000644000000e-04  -5.633828000000e-08  -9.231578000000e-12   1.582751900000e-15  -8.350340000000e+02  -1.355110100000e+00
                  O2   3.000000000000e+02   1.000000000000e+03   5.000000000000e+03
   3.212936000000e+00   1.127486400000e-03  -5.756150000000e-07   1.313877300000e-09  -8.768554000000e-13  -1.005249000000e+03   6.034737000000e+00   3.697578000000e+00   6.135197000000e-04  -1.258842000000e-07   1.775281000000e-11  -1.136435400000e-15  -1.233930100000e+03   3.189165000000e+00
                   O   3.000000000000e+02   1.000000000000e+03   5.000000000000e+03
   2.946428000000e+00  -1.638166500000e-03   2.421031000000e-06  -1.602843100000e-09   3.890696000000e-13   2.914764000000e+04   2.963995000000e+00   2.542059000000e+00  -2.755061000000e-05  -3.102803000000e-09   4.551067000000e-12  -4.368051000000e-16   2.923080000000e+04   4.920308000000e+00
                  OH   3.000000000000e+02   1.000000000000e+03   5.000000000000e+03
   3.637266000000e+00   1.850910000000e-04  -1.676164600000e-06   2.387202000000e-09  -8.431442000000e-13   3.606781000000e+03   1.358860500000e+00   2.882730000000e+00   1.013974300000e-03  -2.276877000000e-07   2.174683000000e-11  -5.126305000000e-16   3.886888000000e+03   5.595712000000e+00
                 H2O   3.000000000000e+02   1.000000000000e+03   5.000000000000e+03
   3.386842000000e+00   3.474982000000e-03  -6.354696000000e-06   6.968581000000e-09  -2.506588000000e-12  -3.020811000000e+04   2.590232000000e+00   2.672145000000e+00   3.056293000000e-03  -8.730260000000e-07   1.200996400000e-10  -6.391618000000e-15  -2.989921000000e+04   6.862817000000e+00
                   H   3.000000000000e+02   1.000000000000e+03   5.000000000000e+03
   2.500000000000e+00   0.000000000000e+00   0.000000000000e+00   0.000000000000e+00   0.000000000000e+00   2.547162000000e+04  -4.601176000000e-01   2.500000000000e+00   0.000000000000e+00   0.000000000000e+00   0.000000000000e+00   0.000000000000e+00   2.547162000000e+04  -4.601176000000e-01
                 HO2   3.000000000000e+02   1.000000000000e+03   5.000000000000e+03
   2.979963000000e+00   4.996697000000e-03  -3.790997000000e-06   2.354192000000e-09  -8.089024000000e-13   1.762273000000e+02   9.222724000000e+00   4.072191000000e+00   2.131296000000e-03  -5.308145000000e-07   6.112269000000e-11  -2.841164000000e-15  -1.579727000000e+02   3.476029000000e+00
                H2O2   3.000000000000e+02   1.000000000000e+03   5.000000000000e+03
   3.388753000000e+00   6.569226000000e-03  -1.485012500000e-07  -4.625805000000e-09   2.471514000000e-12  -1.766314000000e+04   6.785363000000e+00   4.573167000000e+00   4.336136000000e-03  -1.474688800000e-06   2.348903000000e-10  -1.431653600000e-14  -1.800696000000e+04   5.011369000000e-01
                  N2   3.000000000000e+02   1.000000000000e+03   5.000000000000e+03
   3.298677000000e+00   1.408240400000e-03  -3.963222000000e-06   5.641515000000e-09  -2.444854000000e-12  -1.020899900000e+03   3.950372000000e+00   2.926640000000e+00   1.487976800000e-03  -5.684760000000e-07   1.009703800000e-10  -6.753351000000e-15  -9.227977000000e+02   5.980528000000e+00
