1.498056461467e-01
1.418481869668e-01
1.180952819988e-01
1.259022344312e-01
1.329555249473e-01
1.514186232350e-01
1.200790675508e-01
1.362962769627e-01
1.273468503229e-01
1.296975965800e-01
1.194253241794e-01
1.174780756657e-01
1.130028120118e-01
1.220145404716e-01
1.531959164895e-01
1.091205975638e-01
1.464615739375e-01
1.417849158122e-01
1.339713519211e-01
1.324039320344e-01
1.631666944079e-01
1.563228823796e-01
1.259436555916e-01
1.318957884720e-01
1.306712136922e-01
1.079474845081e-01
1.448624453104e-01
1.230428809892e-01
1.118679646794e-01
1.382605408854e-01
1.459955112293e-01
1.564763105690e-01
1.555025898312e-01
1.249859331289e-01
1.314797359732e-01
1.445833837540e-01
1.220536856711e-01
1.609646090569e-01
1.207926703394e-01
1.310678503601e-01
1.387646953144e-01
1.420285121715e-01
1.197810065207e-01
1.643093418785e-01
1.178428589173e-01
1.156320867010e-01
1.290805796848e-01
1.347924190011e-01
1.091825278135e-01
9.354113990121e-02
1.066325255557e-01
1.037486032290e-01
1.280282156336e-01
1.334069984364e-01
1.441453229888e-01
1.427580062558e-01
1.347849305914e-01
1.479037220923e-01
1.435095632596e-01
1.412019269874e-01
1.497769149058e-01
1.418213695255e-01
1.180683268850e-01
1.258746341081e-01
1.329285395009e-01
1.513894533933e-01
1.200519560512e-01
1.362699992358e-01
1.273184561139e-01
1.296714532243e-01
1.193998906450e-01
1.174491101732e-01
1.129738800202e-01
1.219853567545e-01
1.531634550610e-01
1.090945436501e-01
1.464328778320e-01
1.417554703609e-01
1.339446020156e-01
1.323746207608e-01
1.631360677661e-01
1.562930058035e-01
1.259185060560e-01
1.318699826236e-01
1.306444115530e-01
1.079209635410e-01
1.448335683281e-01
1.230164343612e-01
1.118412927622e-01
1.382325379138e-01
1.459650664729e-01
1.564465548968e-01
1.554718226238e-01
1.249585538174e-01
1.314506133146e-01
1.445543228148e-01
1.220257583075e-01
1.609333847839e-01
1.207642213633e-01
1.310374371488e-01
1.387340837882e-01
1.420012474371e-01
1.197538114344e-01
1.642779846668e-01
1.178181646366e-01
1.156071940948e-01
1.290508036950e-01
1.347626944835e-01
1.091547171871e-01
9.351647544615e-02
1.066063134366e-01
1.037223732709e-01
1.280022878510e-01
1.333781409169e-01
1.441170469566e-01
1.427242644829e-01
1.347579152943e-01
1.478730078725e-01
1.434822089475e-01
1.411738302323e-01
1.498054812086e-01
1.418480561699e-01
1.180951406197e-01
1.259021094831e-01
1.329553740358e-01
1.514184762386e-01
1.200789552298e-01
1.362961403969e-01
1.273467236069e-01
1.296974712834e-01
1.194251895779e-01
1.174779401158e-01
1.130026699812e-01
1.220144307331e-01
1.531958000552e-01
1.091204424337e-01
1.464614013706e-01
1.417847990378e-01
1.339711814264e-01
1.324038165431e-01
1.631665392079e-01
1.563227219830e-01
1.259435349188e-01
1.318956711251e-01
1.306710778978e-01
1.079473604419e-01
1.448622953685e-01
1.230427789279e-01
1.118678232577e-01
1.382604286465e-01
1.459953649937e-01
1.564761580191e-01
1.555024732045e-01
1.249857921063e-01
1.314796084418e-01
1.445832484699e-01
1.220535358647e-01
1.609644914640e-01
1.207925421224e-01
1.310677128885e-01
1.387645871637e-01
1.420284079126e-01
1.197808472871e-01
1.643091804074e-01
1.178427292670e-01
1.156319816714e-01
1.290804527485e-01
1.347923018698e-01
1.091824211244e-01
9.354101871950e-02
1.066324124598e-01
1.037484628065e-01
1.280280948692e-01
1.334068851516e-01
1.441452131275e-01
1.427578821751e-01
1.347847976398e-01
1.479035649743e-01
1.435094350063e-01
1.412017917523e-01
1.498054927388e-01
1.418480538200e-01
1.180951531416e-01
1.259021043923e-01
1.329553890519e-01
1.514184733220e-01
1.200789543186e-01
1.362961573351e-01
1.273467363965e-01
1.296974651503e-01
1.194252221659e-01
1.174779603641e-01
1.130027178410e-01
1.220144029402e-01
1.531957652464e-01
1.091205036883e-01
1.464614256912e-01
1.417847938236e-01
1.339712013492e-01
1.324038210506e-01
1.631665700110e-01
1.563227758682e-01
1.259435172387e-01
1.318956799181e-01
1.306710850807e-01
1.079473697676e-01
1.448623298681e-01
1.230427678371e-01
1.118678463999e-01
1.382604086356e-01
1.459953656339e-01
1.564761979271e-01
1.555024408646e-01
1.249858162174e-01
1.314796088161e-01
1.445832367542e-01
1.220535665037e-01
1.609644442017e-01
1.207925594178e-01
1.310677045285e-01
1.387645709518e-01
1.420284013618e-01
1.197808766482e-01
1.643092021571e-01
1.178427392598e-01
1.156319756642e-01
1.290804437607e-01
1.347922643500e-01
1.091824260355e-01
9.354106117996e-02
1.066324230885e-01
1.037484965882e-01
1.280280858112e-01
1.334068904497e-01
1.441452122713e-01
1.427578985334e-01
1.347847773467e-01
1.479035815595e-01
1.435094281641e-01
1.412018109409e-01
1.498056461490e-01
1.418481881494e-01
1.180952836490e-01
1.259022344280e-01
1.329555249731e-01
1.514186228684e-01
1.200790664803e-01
1.362962770101e-01
1.273468503200e-01
1.296975966238e-01
1.194253236946e-01
1.174780756650e-01
1.130028120088e-01
1.220145399533e-01
1.531959159837e-01
1.091205975711e-01
1.464615740158e-01
1.417849154541e-01
1.339713536370e-01
1.324039320802e-01
1.631666929442e-01
1.563228820343e-01
1.259436554182e-01
1.318957907289e-01
1.306712141051e-01
1.079474845034e-01
1.448624455184e-01
1.230428809472e-01
1.118679646570e-01
1.382605407641e-01
1.459955105845e-01
1.564763115747e-01
1.555025907608e-01
1.249859331195e-01
1.314797359581e-01
1.445833837516e-01
1.220536880420e-01
1.609646090566e-01
1.207926711307e-01
1.310678506538e-01
1.387646943774e-01
1.420285119948e-01
1.197810066308e-01
1.643093416674e-01
1.178428591110e-01
1.156320866867e-01
1.290805793769e-01
1.347924189795e-01
1.091825290582e-01
9.354113973465e-02
1.066325255551e-01
1.037486031834e-01
1.280282161185e-01
1.334069984334e-01
1.441453231056e-01
1.427580066107e-01
1.347849313989e-01
1.479037220489e-01
1.435095623572e-01
1.412019271390e-01
1.498056466706e-01
1.418481875228e-01
1.180952833616e-01
1.259022367123e-01
1.329555252681e-01
1.514186234901e-01
1.200790686693e-01
1.362962770083e-01
1.273468510050e-01
1.296975960449e-01
1.194253216641e-01
1.174780760308e-01
1.130028125401e-01
1.220145407290e-01
1.531959165243e-01
1.091205974111e-01
1.464615739397e-01
1.417849161353e-01
1.339713536690e-01
1.324039322801e-01
1.631666914578e-01
1.563228818028e-01
1.259436548201e-01
1.318957897174e-01
1.306712142176e-01
1.079474845565e-01
1.448624477423e-01
1.230428803007e-01
1.118679648719e-01
1.382605406570e-01
1.459955114117e-01
1.564763126051e-01
1.555025889228e-01
1.249859327810e-01
1.314797359474e-01
1.445833830272e-01
1.220536861112e-01
1.609646086639e-01
1.207926712128e-01
1.310678495407e-01
1.387646971398e-01
1.420285131290e-01
1.197810090059e-01
1.643093420711e-01
1.178428592591e-01
1.156320879747e-01
1.290805807295e-01
1.347924159554e-01
1.091825306118e-01
9.354113937130e-02
1.066325250501e-01
1.037486019917e-01
1.280282161604e-01
1.334069998048e-01
1.441453235688e-01
1.427580073623e-01
1.347849305724e-01
1.479037223344e-01
1.435095602371e-01
1.412019229159e-01
1.498056452672e-01
1.418481877790e-01
1.180952833674e-01
1.259022383356e-01
1.329555244028e-01
1.514186231727e-01
1.200790667931e-01
1.362962799698e-01
1.273468508365e-01
1.296975962609e-01
1.194253229525e-01
1.174780761122e-01
1.130028128626e-01
1.220145398308e-01
1.531959164010e-01
1.091205967563e-01
1.464615739828e-01
1.417849140186e-01
1.339713515105e-01
1.324039322303e-01
1.631666912291e-01
1.563228820733e-01
1.259436563078e-01
1.318957894022e-01
1.306712141399e-01
1.079474845064e-01
1.448624475630e-01
1.230428820450e-01
1.118679632135e-01
1.382605391632e-01
1.459955112535e-01
1.564763108268e-01
1.555025905423e-01
1.249859353099e-01
1.314797356593e-01
1.445833836562e-01
1.220536872465e-01
1.609646108532e-01
1.207926709421e-01
1.310678497406e-01
1.387646971945e-01
1.420285119051e-01
1.197810085864e-01
1.643093420742e-01
1.178428591064e-01
1.156320866822e-01
1.290805815540e-01
1.347924145160e-01
1.091825300107e-01
9.354113848498e-02
1.066325248866e-01
1.037486004552e-01
1.280282156281e-01
1.334069984164e-01
1.441453228833e-01
1.427580062480e-01
1.347849322834e-01
1.479037214879e-01
1.435095593570e-01
1.412019260387e-01
1.498056459279e-01
1.418481872214e-01
1.180952832123e-01
1.259022344411e-01
1.329555252329e-01
1.514186227285e-01
1.200790665433e-01
1.362962769582e-01
1.273468503304e-01
1.296975966372e-01
1.194253233889e-01
1.174780756739e-01
1.130028121787e-01
1.220145400021e-01
1.531959164799e-01
1.091205973867e-01
1.464615737946e-01
1.417849166061e-01
1.339713532595e-01
1.324039321761e-01
1.631666943845e-01
1.563228827401e-01
1.259436554097e-01
1.318957903656e-01
1.306712140893e-01
1.079474845305e-01
1.448624453314e-01
1.230428813204e-01
1.118679646999e-01
1.382605407214e-01
1.459955106894e-01
1.564763141129e-01
1.555025898842e-01
1.249859331358e-01
1.314797359838e-01
1.445833838699e-01
1.220536884165e-01
1.609646095688e-01
1.207926708500e-01
1.310678503709e-01
1.387646942226e-01
1.420285118438e-01
1.197810066475e-01
1.643093419068e-01
1.178428591205e-01
1.156320866683e-01
1.290805796623e-01
1.347924190174e-01
1.091825294350e-01
9.354113986123e-02
1.066325255651e-01
1.037486032401e-01
1.280282156370e-01
1.334069991087e-01
1.441453234401e-01
1.427580066250e-01
1.347849314784e-01
1.479037222373e-01
1.435095630671e-01
1.412019271966e-01
1.498056449965e-01
1.418481880915e-01
1.180952827853e-01
1.259022345126e-01
1.329555247981e-01
1.514186229321e-01
1.200790666643e-01
1.362962770794e-01
1.273468503861e-01
1.296975966815e-01
1.194253227030e-01
1.174780757407e-01
1.130028122286e-01
1.220145399484e-01
1.531959168746e-01
1.091205976193e-01
1.464615740745e-01
1.417849158090e-01
1.339713537912e-01
1.324039322976e-01
1.631666930510e-01
1.563228826174e-01
1.259436560212e-01
1.318957898497e-01
1.306712141146e-01
1.079474845811e-01
1.448624453832e-01
1.230428808401e-01
1.118679647647e-01
1.382605411079e-01
1.459955112081e-01
1.564763110482e-01
1.555025899412e-01
1.249859332018e-01
1.314797360346e-01
1.445833838702e-01
1.220536885030e-01
1.609646096586e-01
1.207926710128e-01
1.310678504399e-01
1.387646944438e-01
1.420285134827e-01
1.197810067021e-01
1.643093419547e-01
1.178428592757e-01
1.156320866913e-01
1.290805792074e-01
1.347924190453e-01
1.091825288379e-01
9.354113885049e-02
1.066325256350e-01
1.037486032703e-01
1.280282161803e-01
1.334069985048e-01
1.441453241933e-01
1.427580063274e-01
1.347849323669e-01
1.479037223052e-01
1.435095646536e-01
1.412019276808e-01
1.498338194560e-01
1.418726144908e-01
1.181274816516e-01
1.259317963208e-01
1.329835333918e-01
1.514470039219e-01
1.201099107109e-01
1.363231179863e-01
1.273802638038e-01
1.297258021029e-01
1.194552139381e-01
1.175133449346e-01
1.130400296274e-01
1.220500250870e-01
1.532283417617e-01
1.091534198312e-01
1.464905189076e-01
1.418147607556e-01
1.340003151497e-01
1.324350555841e-01
1.631948562139e-01
1.563526599941e-01
1.259704755387e-01
1.319239922604e-01
1.307011250893e-01
1.079796228867e-01
1.448931566316e-01
1.230734611276e-01
1.118991203959e-01
1.382908864012e-01
1.460285774336e-01
1.565052688228e-01
1.555312713825e-01
1.250165249371e-01
1.315111947543e-01
1.446120670317e-01
1.220860754328e-01
1.609943132210e-01
1.208254709196e-01
1.311014842075e-01
1.387963741314e-01
1.420562628950e-01
1.198138734503e-01
1.643388230964e-01
1.178705742628e-01
1.156602810664e-01
1.291125065924e-01
1.348256080989e-01
1.092177112910e-01
9.357417659699e-02
1.066663275960e-01
1.037825637900e-01
1.280573276746e-01
1.334386596134e-01
1.441728270813e-01
1.427947838805e-01
1.348147860125e-01
1.479360010851e-01
1.435360590803e-01
1.412289902096e-01
1.498061779496e-01
1.418488243627e-01
1.180957153690e-01
1.259028594660e-01
1.329559621756e-01
1.514189679032e-01
1.200796221156e-01
1.362966619135e-01
1.273472526217e-01
1.296979841839e-01
1.194255831834e-01
1.174787627859e-01
1.130034321198e-01
1.220150411828e-01
1.531961681488e-01
1.091210858664e-01
1.464619800735e-01
1.417852557438e-01
1.339718422567e-01
1.324044787515e-01
1.631671947015e-01
1.563230509816e-01
1.259439910543e-01
1.318960933307e-01
1.306713642904e-01
1.079480656414e-01
1.448626940380e-01
1.230431263034e-01
1.118686949286e-01
1.382609068971e-01
1.459958622377e-01
1.564765775842e-01
1.555032343120e-01
1.249864414290e-01
1.314803329755e-01
1.445836368877e-01
1.220541918106e-01
1.609649077474e-01
1.207931986899e-01
1.310684683520e-01
1.387651404568e-01
1.420288983492e-01
1.197815034529e-01
1.643098570969e-01
1.178431756252e-01
1.156326846895e-01
1.290810675721e-01
1.347929756792e-01
1.091831685017e-01
9.354158908427e-02
1.066329304995e-01
1.037489911916e-01
1.280284840877e-01
1.334076094070e-01
1.441455843969e-01
1.427585354539e-01
1.347853225271e-01
1.479040177043e-01
1.435101399669e-01
1.412025319739e-01
1.498002313941e-01
1.418430275083e-01
1.180900489940e-01
1.258969047366e-01
1.329502256461e-01
1.514129235947e-01
1.200738225162e-01
1.362913948131e-01
1.273413649709e-01
1.296921019287e-01
1.194203827021e-01
1.174721633052e-01
1.129969848056e-01
1.220090985080e-01
1.531902987734e-01
1.091153853849e-01
1.464560708033e-01
1.417794117347e-01
1.339659549216e-01
1.323985021821e-01
1.631611761016e-01
1.563175548354e-01
1.259386332577e-01
1.318905745391e-01
1.306662413749e-01
1.079420482215e-01
1.448570403859e-01
1.230376829866e-01
1.118626381098e-01
1.382552499256e-01
1.459898236626e-01
1.564711107382e-01
1.554967937031e-01
1.249808882345e-01
1.314742479410e-01
1.445780130884e-01
1.220483293954e-01
1.609590243452e-01
1.207871699256e-01
1.310623549127e-01
1.387591888578e-01
1.420234032490e-01
1.197756701181e-01
1.643034808333e-01
1.178377881396e-01
1.156269119790e-01
1.290751805413e-01
1.347869219464e-01
1.091771418886e-01
9.353615459050e-02
1.066272538136e-01
1.037434407803e-01
1.280229824374e-01
1.334013954785e-01
1.441400179283e-01
1.427521342427e-01
1.347797790281e-01
1.478980846456e-01
1.435041830526e-01
1.411966178327e-01
1.498057582361e-01
1.418482837301e-01
1.180953863488e-01
1.259023325754e-01
1.329556339727e-01
1.514187346875e-01
1.200791582340e-01
1.362963822336e-01
1.273469552766e-01
1.296976968862e-01
1.194254224095e-01
1.174781795939e-01
1.130029202741e-01
1.220146347341e-01
1.531960103557e-01
1.091207075603e-01
1.464616882538e-01
1.417850121138e-01
1.339714700447e-01
1.324040261061e-01
1.631668052244e-01
1.563229943052e-01
1.259437543067e-01
1.318958886986e-01
1.306713151995e-01
1.079475802784e-01
1.448625551237e-01
1.230429739012e-01
1.118680705883e-01
1.382606375188e-01
1.459956186511e-01
1.564764227745e-01
1.555026878145e-01
1.249860379475e-01
1.314798348309e-01
1.445834890179e-01
1.220537962468e-01
1.609647091083e-01
1.207927706515e-01
1.310679549554e-01
1.387647893102e-01
1.420286058681e-01
1.197811203808e-01
1.643094574707e-01
1.178429587225e-01
1.156321793484e-01
1.290806768431e-01
1.347925144844e-01
1.091826205853e-01
9.354123446252e-02
1.066326219793e-01
1.037487063040e-01
1.280283150927e-01
1.334070989110e-01
1.441454139910e-01
1.427581037049e-01
1.347850327457e-01
1.479038383112e-01
1.435096631296e-01
1.412020282265e-01
1.498057077737e-01
1.418482472521e-01
1.180953387372e-01
1.259022943587e-01
1.329555835515e-01
1.514186869120e-01
1.200791199905e-01
1.362963327703e-01
1.273469076790e-01
1.296976558953e-01
1.194253737840e-01
1.174781281707e-01
1.130028599618e-01
1.220145991675e-01
1.531959800601e-01
1.091206490224e-01
1.464616368781e-01
1.417849780064e-01
1.339714133743e-01
1.324039845971e-01
1.631667531471e-01
1.563229384246e-01
1.259437121626e-01
1.318958406121e-01
1.306712728202e-01
1.079475377967e-01
1.448625024256e-01
1.230429335413e-01
1.118680182412e-01
1.382605990591e-01
1.459955716677e-01
1.564763713211e-01
1.555026537345e-01
1.249859863374e-01
1.314797909243e-01
1.445834463699e-01
1.220537443166e-01
1.609646749914e-01
1.207927218134e-01
1.310679098139e-01
1.387647508631e-01
1.420285691134e-01
1.197810631815e-01
1.643094059809e-01
1.178429161492e-01
1.156321392133e-01
1.290806376833e-01
1.347924786971e-01
1.091825801780e-01
9.354118089501e-02
1.066325764530e-01
1.037486558008e-01
1.280282714197e-01
1.334070566470e-01
1.441453773770e-01
1.427580602688e-01
1.347849923859e-01
1.479037845345e-01
1.435096220845e-01
1.412019813218e-01
1.498130594302e-01
1.418549630853e-01
1.181011647953e-01
1.259077181804e-01
1.329613979209e-01
1.514261881742e-01
1.200848683986e-01
1.363022429461e-01
1.273535609044e-01
1.297041459788e-01
1.194309353829e-01
1.174841005524e-01
1.130084682922e-01
1.220202863963e-01
1.532021202501e-01
1.091261017765e-01
1.464685601068e-01
1.417920283119e-01
1.339772953669e-01
1.324101080886e-01
1.631741912466e-01
1.563300955991e-01
1.259492885242e-01
1.319015433146e-01
1.306771454546e-01
1.079530308674e-01
1.448697664658e-01
1.230483504842e-01
1.118736692268e-01
1.382667412552e-01
1.460015014627e-01
1.564830797717e-01
1.555094183763e-01
1.249912904009e-01
1.314850050890e-01
1.445899542445e-01
1.220593484944e-01
1.609710724137e-01
1.207980739505e-01
1.310733345476e-01
1.387707935213e-01
1.420351159065e-01
1.197861001109e-01
1.643174768745e-01
1.178488920598e-01
1.156381104872e-01
1.290866095778e-01
1.347982612353e-01
1.091875682157e-01
9.354608828826e-02
1.066376990681e-01
1.037539324698e-01
1.280348772984e-01
1.334136058334e-01
1.441514888310e-01
1.427641356968e-01
1.347911954989e-01
1.479102959779e-01
1.435158887900e-01
1.412079397187e-01
1.497859001722e-01
1.418327089941e-01
1.180809156971e-01
1.258885956221e-01
1.329403432971e-01
1.513991677316e-01
1.200649809694e-01
1.362799304115e-01
1.273310560249e-01
1.296824268649e-01
1.194116074431e-01
1.174633548253e-01
1.129884535213e-01
1.219996118064e-01
1.531778364205e-01
1.091090148819e-01
1.464432479201e-01
1.417693006319e-01
1.339553444128e-01
1.323879684654e-01
1.631455520152e-01
1.563031218058e-01
1.259300474320e-01
1.318810573883e-01
1.306551836827e-01
1.079356191343e-01
1.448443208910e-01
1.230287702950e-01
1.118557085243e-01
1.382432257456e-01
1.459771545302e-01
1.564574363474e-01
1.554847486490e-01
1.249721328709e-01
1.314651248529e-01
1.445676622814e-01
1.220403923530e-01
1.609450427051e-01
1.207793859012e-01
1.310532767804e-01
1.387487667319e-01
1.420125012477e-01
1.197672742002e-01
1.642876742863e-01
1.178301400761e-01
1.156192019841e-01
1.290658806938e-01
1.347751099031e-01
1.091699529798e-01
9.353102534609e-02
1.066206626556e-01
1.037369331658e-01
1.280119047543e-01
1.333911253864e-01
1.441296250531e-01
1.427402505416e-01
1.347684077890e-01
1.478855707025e-01
1.434926202813e-01
1.411857932161e-01
1.498059704574e-01
1.418485156493e-01
1.180954965903e-01
1.259025045612e-01
1.329558054669e-01
1.514189566402e-01
1.200793026703e-01
1.362965561544e-01
1.273470819813e-01
1.296978509237e-01
1.194255338093e-01
1.174783013317e-01
1.130030147401e-01
1.220147665158e-01
1.531962697854e-01
1.091207791106e-01
1.464618861092e-01
1.417852173764e-01
1.339716203676e-01
1.324042187152e-01
1.631670739946e-01
1.563232102936e-01
1.259439024142e-01
1.318960410992e-01
1.306714586897e-01
1.079476849634e-01
1.448627296556e-01
1.230431094763e-01
1.118681809116e-01
1.382608152503e-01
1.459958151166e-01
1.564766478495e-01
1.555029647057e-01
1.249861803572e-01
1.314800219720e-01
1.445836986372e-01
1.220539222471e-01
1.609649829490e-01
1.207929137990e-01
1.310681304980e-01
1.387650052476e-01
1.420287980584e-01
1.197812277284e-01
1.643097206358e-01
1.178430757500e-01
1.156323035602e-01
1.290808590706e-01
1.347926971769e-01
1.091827253259e-01
9.354128399501e-02
1.066327028468e-01
1.037487736808e-01
1.280284504326e-01
1.334072689407e-01
1.441456431737e-01
1.427583264651e-01
1.347851861598e-01
1.479040358102e-01
1.435098836520e-01
1.412022507473e-01
1.497895602749e-01
1.418335293359e-01
1.180822592180e-01
1.258888196169e-01
1.329417132709e-01
1.514022085562e-01
1.200663632762e-01
1.362823084111e-01
1.273313036979e-01
1.296836122862e-01
1.194119156035e-01
1.174651386187e-01
1.129898831785e-01
1.219999821659e-01
1.531777061538e-01
1.091070948114e-01
1.464453729865e-01
1.417675028941e-01
1.339567027564e-01
1.323899540999e-01
1.631483716449e-01
1.563040380282e-01
1.259303671118e-01
1.318806882558e-01
1.306568552097e-01
1.079359191197e-01
1.448446807944e-01
1.230292067260e-01
1.118559501836e-01
1.382450735730e-01
1.459781188989e-01
1.564575509655e-01
1.554844760773e-01
1.249718284630e-01
1.314651626523e-01
1.445661891547e-01
1.220390939470e-01
1.609459100422e-01
1.207790326675e-01
1.310522951025e-01
1.387490695733e-01
1.420114794934e-01
1.197671892324e-01
1.642899857539e-01
1.178301939675e-01
1.156199668540e-01
1.290665212196e-01
1.347776163049e-01
1.091701704697e-01
9.353094440445e-02
1.066200673935e-01
1.037367006003e-01
1.280145637694e-01
1.333912707149e-01
1.441292006801e-01
1.427408569194e-01
1.347693910549e-01
1.478858538796e-01
1.434947671894e-01
1.411875124462e-01
1.498056729736e-01
1.418482091522e-01
1.180953036783e-01
1.259022552484e-01
1.329555496431e-01
1.514186492804e-01
1.200790861281e-01
1.362963017595e-01
1.273468709547e-01
1.296976179731e-01
1.194253427723e-01
1.174780969286e-01
1.130028337208e-01
1.220145588689e-01
1.531959386703e-01
1.091206162599e-01
1.464616004933e-01
1.417849345843e-01
1.339713784425e-01
1.324039524121e-01
1.631667208635e-01
1.563229080425e-01
1.259436773907e-01
1.318958106686e-01
1.306712361666e-01
1.079475022428e-01
1.448624687114e-01
1.230429002245e-01
1.118679845469e-01
1.382605632037e-01
1.459955365359e-01
1.564763354599e-01
1.555026103171e-01
1.249859548021e-01
1.314797579188e-01
1.445834058407e-01
1.220537063788e-01
1.609646340223e-01
1.207926908403e-01
1.310678722649e-01
1.387647153037e-01
1.420285317163e-01
1.197810303123e-01
1.643093694605e-01
1.178428783581e-01
1.156321048671e-01
1.290805996475e-01
1.347924413531e-01
1.091825461415e-01
9.354115468979e-02
1.066325431020e-01
1.037486213170e-01
1.280282377680e-01
1.334070198043e-01
1.441453435561e-01
1.427580279766e-01
1.347849529248e-01
1.479037481603e-01
1.435095868644e-01
1.412019513418e-01
1.498057231255e-01
1.418482557326e-01
1.180953409957e-01
1.259022997901e-01
1.329555931294e-01
1.514186999804e-01
1.200791234942e-01
1.362963441812e-01
1.273469086884e-01
1.296976612808e-01
1.194253755405e-01
1.174781312264e-01
1.130028619377e-01
1.220146009014e-01
1.531959928320e-01
1.091206430278e-01
1.464616484657e-01
1.417849785942e-01
1.339714225284e-01
1.324039917189e-01
1.631667677716e-01
1.563229487016e-01
1.259437174082e-01
1.318958470196e-01
1.306712809184e-01
1.079475356829e-01
1.448625078927e-01
1.230429380432e-01
1.118680169571e-01
1.382606098926e-01
1.459955844824e-01
1.564763812361e-01
1.555026654152e-01
1.249859898646e-01
1.314797985672e-01
1.445834510036e-01
1.220537409839e-01
1.609646928096e-01
1.207927232995e-01
1.310679140683e-01
1.387647575823e-01
1.420285722155e-01
1.197810674712e-01
1.643094203964e-01
1.178429160013e-01
1.156321398359e-01
1.290806413667e-01
1.347924907988e-01
1.091825806901e-01
9.354117665997e-02
1.066325736388e-01
1.037486513703e-01
1.280282783220e-01
1.334070601778e-01
1.441453846883e-01
1.427580681969e-01
1.347849996082e-01
1.479037944311e-01
1.435096359898e-01
1.412019923021e-01
