1.402982538412e-01
1.346021551153e-01
1.281045695666e-01
1.454263130929e-01
1.272497405297e-01
1.365710603425e-01
1.358334142565e-01
1.198326899900e-01
1.255926325736e-01
1.373682849226e-01
1.246219568472e-01
1.266840494758e-01
1.256530496957e-01
1.368783016994e-01
1.343281166376e-01
1.285834418263e-01
1.143573443821e-01
1.442052374668e-01
1.269463971774e-01
1.471035420725e-01
1.395467878175e-01
1.399328560818e-01
1.356307823907e-01
1.109210579174e-01
1.146996977626e-01
1.530018031125e-01
1.174267498872e-01
1.115471545035e-01
1.284325091654e-01
1.295005793636e-01
1.125460109478e-01
1.493477898580e-01
1.535951358346e-01
1.307393859404e-01
1.468806646200e-01
1.330528590793e-01
1.275962797621e-01
1.314518463003e-01
1.374430282426e-01
1.597332907744e-01
1.592652883829e-01
1.175172514487e-01
1.340170239969e-01
1.217527381769e-01
1.247275432580e-01
1.245749103133e-01
1.433104540298e-01
1.360941825862e-01
1.328671067395e-01
1.278812986670e-01
1.125219577198e-01
1.310463535402e-01
1.385971649442e-01
1.346025328205e-01
1.641546952086e-01
1.410548270838e-01
1.320073637686e-01
1.309986868818e-01
1.349415109360e-01
1.325738689473e-01
1.222913200359e-01
1.190820794131e-01
1.199061282910e-01
1.389307091622e-01
1.381095100419e-01
1.478728257452e-01
1.177414321104e-01
1.305997948161e-01
1.278216508121e-01
1.386073283927e-01
1.307573216001e-01
1.199835727700e-01
1.423843121763e-01
1.170090307255e-01
1.292040200788e-01
1.595013010701e-01
1.482824547179e-01
1.300650133454e-01
1.429369715721e-01
1.307150633696e-01
1.532154157699e-01
1.488508577559e-01
1.255855988831e-01
1.346914844395e-01
1.459973418885e-01
1.414775315438e-01
1.394474936472e-01
1.152400180375e-01
1.341092457053e-01
1.251838317348e-01
1.280897349058e-01
1.481443648341e-01
1.133555838045e-01
1.507725240997e-01
1.261407549817e-01
1.591344374700e-01
1.398536993364e-01
1.025015229507e-01
1.220712133537e-01
1.310065067981e-01
1.305083151269e-01
9.859054358893e-02
1.405252467733e-01
1.632973768155e-01
1.444682223842e-01
1.241691800912e-01
1.240642008855e-01
1.233906607340e-01
1.372404904851e-01
1.268017978949e-01
1.321592553472e-01
1.546718980811e-01
1.301610120046e-01
1.245108792147e-01
1.118494677264e-01
1.307358190200e-01
1.209784249257e-01
1.590327569147e-01
1.150838433912e-01
1.556335025750e-01
1.545689699801e-01
1.417303632389e-01
1.291020617343e-01
1.524931811319e-01
1.567198343740e-01
1.217776420198e-01
1.245868679000e-01
1.562713435618e-01
1.467518216164e-01
1.266909458282e-01
1.194290642465e-01
1.327195180365e-01
1.201336342709e-01
1.410365757653e-01
1.393723401294e-01
1.457266744663e-01
1.402221118254e-01
1.187870376301e-01
1.410704350472e-01
1.148655017888e-01
1.340633939356e-01
1.359627432080e-01
1.447378057360e-01
1.207526402466e-01
1.473819024017e-01
1.403481504624e-01
1.059527217804e-01
1.502856035007e-01
1.473385002463e-01
1.410157739738e-01
1.204984529843e-01
1.065157308317e-01
1.452234418688e-01
1.371865905572e-01
1.438942046886e-01
1.300799756018e-01
1.469201996434e-01
1.630422396996e-01
1.296049040175e-01
1.637866523002e-01
1.382588997045e-01
1.198580000507e-01
1.567384315881e-01
1.308815530556e-01
1.691347131311e-01
1.400613909958e-01
1.445439337625e-01
1.450763550924e-01
1.288072519115e-01
1.207261836946e-01
1.294350248287e-01
1.454155570616e-01
1.275807434748e-01
1.089636827924e-01
1.159799517275e-01
1.226400721754e-01
1.522750393537e-01
1.383849953059e-01
1.395090035675e-01
1.125924923125e-01
1.335043864919e-01
1.174801719232e-01
1.487769250224e-01
1.139395675947e-01
1.037133032959e-01
1.299550641986e-01
1.313477017206e-01
1.266379608718e-01
1.192292077253e-01
1.271670648033e-01
1.529655125438e-01
1.160496533509e-01
1.097373168016e-01
1.463672246799e-01
1.199568675071e-01
1.481799660001e-01
1.208229781285e-01
1.215260231406e-01
1.211134768987e-01
1.444628478560e-01
1.402717437582e-01
1.345706391699e-01
1.280774408670e-01
1.453983110046e-01
1.272211906401e-01
1.365406545764e-01
1.358078273338e-01
1.198038679055e-01
1.255658421948e-01
1.373380965184e-01
1.245971934658e-01
1.266566806766e-01
1.256260907327e-01
1.368516065565e-01
1.342964445270e-01
1.285578403914e-01
1.143301344472e-01
1.441760991528e-01
1.269219473528e-01
1.470753898499e-01
1.395161509789e-01
1.399053798934e-01
1.356046970307e-01
1.108940936418e-01
1.146746433755e-01
1.529709623354e-01
1.174021891564e-01
1.115185157340e-01
1.284039604678e-01
1.294745304708e-01
1.125179147520e-01
1.493178288928e-01
1.535663469349e-01
1.307100003359e-01
1.468506543944e-01
1.330213240944e-01
1.275679047133e-01
1.314239617979e-01
1.374161435355e-01
1.597030294745e-01
1.592302390394e-01
1.174884922984e-01
1.339914628427e-01
1.217233759065e-01
1.247021696594e-01
1.245466053211e-01
1.432793711981e-01
1.360650267116e-01
1.328402352421e-01
1.278562326528e-01
1.124957736505e-01
1.310181622017e-01
1.385695220637e-01
1.345745535510e-01
1.641221475855e-01
1.410282703485e-01
1.319808911712e-01
1.309722172765e-01
1.349127474931e-01
1.325450402520e-01
1.222642340207e-01
1.190530490480e-01
1.198765960001e-01
1.389035446000e-01
1.380790760236e-01
1.478451164384e-01
1.177151891557e-01
1.305693039655e-01
1.277950434079e-01
1.385808155294e-01
1.307293832647e-01
1.199576093660e-01
1.423555934163e-01
1.169825673689e-01
1.291784426518e-01
1.594713499687e-01
1.482512899545e-01
1.300376744096e-01
1.429068538459e-01
1.306877055807e-01
1.531846319708e-01
1.488191591205e-01
1.255578796767e-01
1.346629594906e-01
1.459675804687e-01
1.414494518276e-01
1.394192246276e-01
1.152137503351e-01
1.340801957195e-01
1.251589276319e-01
1.280619118380e-01
1.481143941780e-01
1.133302661378e-01
1.507379591028e-01
1.261132417913e-01
1.591046774061e-01
1.398251797239e-01
1.024762197952e-01
1.220427718556e-01
1.309781565723e-01
1.304793039979e-01
9.856536479550e-02
1.404967732897e-01
1.632673307679e-01
1.444386245100e-01
1.241424932216e-01
1.240357166279e-01
1.233654629578e-01
1.372145338828e-01
1.267713034340e-01
1.321334017351e-01
1.546407985996e-01
1.301341379919e-01
1.244844370961e-01
1.118237560857e-01
1.307107653090e-01
1.209528107376e-01
1.590012760584e-01
1.150552480428e-01
1.556037649987e-01
1.545395863094e-01
1.417018729135e-01
1.290724795034e-01
1.524636970432e-01
1.566898210558e-01
1.217516680920e-01
1.245576494689e-01
1.562409585335e-01
1.467229033862e-01
1.266599231497e-01
1.194020195904e-01
1.326941885240e-01
1.201065223517e-01
1.410078653571e-01
1.393389249442e-01
1.456966630741e-01
1.401949904546e-01
1.187604290648e-01
1.410426791343e-01
1.148395071965e-01
1.340342767252e-01
1.359363155465e-01
1.447090767355e-01
1.207271897946e-01
1.473536923222e-01
1.403175947638e-01
1.059270026178e-01
1.502557620862e-01
1.473081416336e-01
1.409849931435e-01
1.204709921752e-01
1.064882034113e-01
1.451936348880e-01
1.371597512100e-01
1.438654963993e-01
1.300504391057e-01
1.468893139890e-01
1.630088164783e-01
1.295768202269e-01
1.637558440788e-01
1.382297549930e-01
1.198327151360e-01
1.567085972567e-01
1.308521681181e-01
1.691024154323e-01
1.400332510795e-01
1.445160118253e-01
1.450456316087e-01
1.287811977536e-01
1.207006403135e-01
1.294031450332e-01
1.453811189049e-01
1.275525131425e-01
1.089372895333e-01
1.159545697656e-01
1.226136138971e-01
1.522418661126e-01
1.383551904193e-01
1.394797972248e-01
1.125659907012e-01
1.334742624528e-01
1.174525705837e-01
1.487457519191e-01
1.139122398545e-01
1.036875108988e-01
1.299264672216e-01
1.313223452748e-01
1.266133149323e-01
1.192001618707e-01
1.271395618765e-01
1.529349572132e-01
1.160211691490e-01
1.097103679686e-01
1.463377336486e-01
1.199321524147e-01
1.481514467679e-01
1.207943558502e-01
1.214979013218e-01
1.210841586301e-01
1.444316060826e-01
1.402980823428e-01
1.346020011609e-01
1.281044230844e-01
1.454261676755e-01
1.272495739543e-01
1.365709499194e-01
1.358332865189e-01
1.198325346990e-01
1.255925144856e-01
1.373681439653e-01
1.246218171975e-01
1.266839522036e-01
1.256529010958e-01
1.368781866799e-01
1.343279959453e-01
1.285833179790e-01
1.143571968522e-01
1.442050967169e-01
1.269462712829e-01
1.471034214142e-01
1.395466729522e-01
1.399326894452e-01
1.356306392915e-01
1.109209268606e-01
1.146996049658e-01
1.530016242267e-01
1.174266079226e-01
1.115470387694e-01
1.284324000494e-01
1.295004549130e-01
1.125458915411e-01
1.493476345157e-01
1.535950043858e-01
1.307392323531e-01
1.468805539840e-01
1.330527367209e-01
1.275961655423e-01
1.314517250518e-01
1.374429077232e-01
1.597331581620e-01
1.592651212908e-01
1.175171106793e-01
1.340168940142e-01
1.217526195950e-01
1.247274188684e-01
1.245747833870e-01
1.433103217712e-01
1.360940155450e-01
1.328669615950e-01
1.278811882573e-01
1.125218075481e-01
1.310462196821e-01
1.385970035850e-01
1.346024127452e-01
1.641545297498e-01
1.410546865958e-01
1.320072416304e-01
1.309985702242e-01
1.349414072686e-01
1.325737506506e-01
1.222912031497e-01
1.190819425131e-01
1.199059772673e-01
1.389305821561e-01
1.381093647276e-01
1.478727074483e-01
1.177413352319e-01
1.305996723386e-01
1.278215104773e-01
1.386072216765e-01
1.307571918266e-01
1.199834578051e-01
1.423841811878e-01
1.170088870617e-01
1.292038867638e-01
1.595011588733e-01
1.482822906561e-01
1.300648845323e-01
1.429368389598e-01
1.307149265653e-01
1.532152882838e-01
1.488507042829e-01
1.255854574702e-01
1.346913534698e-01
1.459972145245e-01
1.414773701504e-01
1.394473577830e-01
1.152398623081e-01
1.341090986235e-01
1.251836763640e-01
1.280895934942e-01
1.481442210675e-01
1.133554605167e-01
1.507723810912e-01
1.261406247226e-01
1.591343119006e-01
1.398535691877e-01
1.025014063297e-01
1.220710491005e-01
1.310063569900e-01
1.305081840877e-01
9.859043882794e-02
1.405251107094e-01
1.632971990756e-01
1.444680828092e-01
1.241690789003e-01
1.240640456586e-01
1.233905486824e-01
1.372403811657e-01
1.268016608038e-01
1.321591085843e-01
1.546717772208e-01
1.301608837555e-01
1.245107442319e-01
1.118493211396e-01
1.307357126215e-01
1.209782829860e-01
1.590326250582e-01
1.150837159558e-01
1.556334012191e-01
1.545688369040e-01
1.417302214025e-01
1.291019413177e-01
1.524930650267e-01
1.567197134263e-01
1.217775282063e-01
1.245867174036e-01
1.562712040079e-01
1.467517133528e-01
1.266907824597e-01
1.194289383560e-01
1.327193936145e-01
1.201335091855e-01
1.410364336332e-01
1.393721888325e-01
1.457265444938e-01
1.402219675155e-01
1.187869282078e-01
1.410703112687e-01
1.148654009016e-01
1.340632449349e-01
1.359626284692e-01
1.447376497702e-01
1.207525323666e-01
1.473817624053e-01
1.403480233254e-01
1.059525909688e-01
1.502854394564e-01
1.473383624203e-01
1.410156411025e-01
1.204982899906e-01
1.065155941674e-01
1.452232641213e-01
1.371864905721e-01
1.438940511237e-01
1.300798522338e-01
1.469200507470e-01
1.630421192730e-01
1.296047761765e-01
1.637865291429e-01
1.382587452838e-01
1.198578521521e-01
1.567383183082e-01
1.308814155438e-01
1.691345657322e-01
1.400612657334e-01
1.445437821096e-01
1.450762159584e-01
1.288071313824e-01
1.207260436135e-01
1.294348882605e-01
1.454153792445e-01
1.275806228989e-01
1.089635740390e-01
1.159798368126e-01
1.226399519363e-01
1.522748722283e-01
1.383848558563e-01
1.395088705363e-01
1.125923736119e-01
1.335042678889e-01
1.174800650310e-01
1.487767969092e-01
1.139394431246e-01
1.037131473665e-01
1.299549351270e-01
1.313475481348e-01
1.266378301386e-01
1.192290592535e-01
1.271668941036e-01
1.529653566358e-01
1.160495406294e-01
1.097371925684e-01
1.463671060287e-01
1.199567389132e-01
1.481798178953e-01
1.208228731279e-01
1.215258665843e-01
1.211133265529e-01
1.444627115391e-01
1.402981091979e-01
1.346020307819e-01
1.281044299947e-01
1.454261937053e-01
1.272496310812e-01
1.365709187412e-01
1.358333040037e-01
1.198325769158e-01
1.255925169300e-01
1.373681383443e-01
1.246218374010e-01
1.266839358997e-01
1.256529494310e-01
1.368781801565e-01
1.343280099769e-01
1.285833339733e-01
1.143572430474e-01
1.442051259912e-01
1.269462604291e-01
1.471034262552e-01
1.395466802815e-01
1.399327249463e-01
1.356306680336e-01
1.109209653101e-01
1.146995877324e-01
1.530016691723e-01
1.174266249321e-01
1.115470396512e-01
1.284324008287e-01
1.295004405567e-01
1.125459281924e-01
1.493476595019e-01
1.535950177724e-01
1.307392317327e-01
1.468804950708e-01
1.330527337307e-01
1.275961648565e-01
1.314517502959e-01
1.374428967250e-01
1.597331689701e-01
1.592651227286e-01
1.175171487810e-01
1.340169142334e-01
1.217526344835e-01
1.247274461318e-01
1.245748162995e-01
1.433102913380e-01
1.360940673399e-01
1.328669771085e-01
1.278811670377e-01
1.125218549293e-01
1.310462397610e-01
1.385970035670e-01
1.346023954188e-01
1.641545367851e-01
1.410546943866e-01
1.320072600658e-01
1.309985773943e-01
1.349413518351e-01
1.325737553587e-01
1.222911741206e-01
1.190819463834e-01
1.199060325795e-01
1.389305929335e-01
1.381093815379e-01
1.478726825125e-01
1.177413297815e-01
1.305996845960e-01
1.278215187978e-01
1.386072155267e-01
1.307572031697e-01
1.199834524797e-01
1.423841855825e-01
1.170088875783e-01
1.292038768395e-01
1.595011310801e-01
1.482823075827e-01
1.300649025637e-01
1.429368555490e-01
1.307149665078e-01
1.532153054982e-01
1.488507545025e-01
1.255854716694e-01
1.346913565707e-01
1.459972167455e-01
1.414774200965e-01
1.394473625247e-01
1.152399295475e-01
1.341091073638e-01
1.251837238738e-01
1.280896254649e-01
1.481442062606e-01
1.133554474262e-01
1.507723700280e-01
1.261406368849e-01
1.591342877607e-01
1.398535860194e-01
1.025014306562e-01
1.220711134003e-01
1.310063819521e-01
1.305082178992e-01
9.859046556283e-02
1.405251293908e-01
1.632972526137e-01
1.444680969312e-01
1.241690380684e-01
1.240640992916e-01
1.233905493849e-01
1.372403615550e-01
1.268016892513e-01
1.321591340943e-01
1.546717819011e-01
1.301609035499e-01
1.245107554200e-01
1.118493569464e-01
1.307357093106e-01
1.209783085820e-01
1.590326293422e-01
1.150837164696e-01
1.556333431366e-01
1.545688163600e-01
1.417302545234e-01
1.291019384820e-01
1.524930656677e-01
1.567196981809e-01
1.217775232762e-01
1.245867274116e-01
1.562712003490e-01
1.467516578207e-01
1.266908109960e-01
1.194289356714e-01
1.327193706162e-01
1.201335296080e-01
1.410364486384e-01
1.393722215448e-01
1.457265163861e-01
1.402219985732e-01
1.187869309151e-01
1.410703289326e-01
1.148654020230e-01
1.340632905096e-01
1.359626494502e-01
1.447376591011e-01
1.207525365019e-01
1.473817597207e-01
1.403479899732e-01
1.059526252290e-01
1.502854744501e-01
1.473383520947e-01
1.410156336825e-01
1.204983310345e-01
1.065156310480e-01
1.452232987758e-01
1.371864648517e-01
1.438940529171e-01
1.300798745930e-01
1.469200748715e-01
1.630420636718e-01
1.296047925442e-01
1.637865123157e-01
1.382587958522e-01
1.198578893306e-01
1.567382707356e-01
1.308814254380e-01
1.691345540976e-01
1.400612524041e-01
1.445437808259e-01
1.450761964198e-01
1.288071555363e-01
1.207260793257e-01
1.294349045578e-01
1.454154426664e-01
1.275806450713e-01
1.089635956465e-01
1.159798600175e-01
1.226399413974e-01
1.522749211859e-01
1.383848692393e-01
1.395088695272e-01
1.125924054365e-01
1.335042527819e-01
1.174800795385e-01
1.487768096347e-01
1.139394630699e-01
1.037131903403e-01
1.299549605938e-01
1.313475674401e-01
1.266378663063e-01
1.192291124157e-01
1.271669315082e-01
1.529653572747e-01
1.160495320276e-01
1.097371875741e-01
1.463671172530e-01
1.199567305207e-01
1.481798368023e-01
1.208228700268e-01
1.215259055901e-01
1.211133851488e-01
1.444627356019e-01
1.402982538363e-01
1.346021551106e-01
1.281045696253e-01
1.454263140031e-01
1.272497409226e-01
1.365710595870e-01
1.358334150238e-01
1.198326898180e-01
1.255926325723e-01
1.373682853814e-01
1.246219572389e-01
1.266840491833e-01
1.256530511832e-01
1.368783018205e-01
1.343281165998e-01
1.285834419555e-01
1.143573445434e-01
1.442052369936e-01
1.269463971676e-01
1.471035430324e-01
1.395467878311e-01
1.399328569191e-01
1.356307823757e-01
1.109210574992e-01
1.146996977623e-01
1.530018031087e-01
1.174267501303e-01
1.115471545797e-01
1.284325093036e-01
1.295005792646e-01
1.125460109757e-01
1.493477891938e-01
1.535951362574e-01
1.307393860923e-01
1.468806647263e-01
1.330528596719e-01
1.275962794961e-01
1.314518466769e-01
1.374430276893e-01
1.597332904183e-01
1.592652882070e-01
1.175172514608e-01
1.340170238170e-01
1.217527386003e-01
1.247275432536e-01
1.245749103269e-01
1.433104540263e-01
1.360941826020e-01
1.328671071925e-01
1.278812985518e-01
1.125219578298e-01
1.310463550799e-01
1.385971644228e-01
1.346025327818e-01
1.641546906547e-01
1.410548269800e-01
1.320073646234e-01
1.309986869457e-01
1.349415111546e-01
1.325738683536e-01
1.222913200333e-01
1.190820794107e-01
1.199061286726e-01
1.389307093066e-01
1.381095108067e-01
1.478728258960e-01
1.177414317688e-01
1.305997946064e-01
1.278216494487e-01
1.386073277454e-01
1.307573217104e-01
1.199835728239e-01
1.423843121733e-01
1.170090303892e-01
1.292040196612e-01
1.595013010066e-01
1.482824549731e-01
1.300650153885e-01
1.429369737058e-01
1.307150633668e-01
1.532154162063e-01
1.488508577196e-01
1.255855990712e-01
1.346914849361e-01
1.459973415075e-01
1.414775312550e-01
1.394474945195e-01
1.152400206234e-01
1.341092458936e-01
1.251838314768e-01
1.280897361178e-01
1.481443651326e-01
1.133555829842e-01
1.507725236683e-01
1.261407544773e-01
1.591344374732e-01
1.398536979084e-01
1.025015226063e-01
1.220712131195e-01
1.310065053467e-01
1.305083151679e-01
9.859054360065e-02
1.405252456527e-01
1.632973755562e-01
1.444682223805e-01
1.241691800891e-01
1.240642008825e-01
1.233906607319e-01
1.372404907626e-01
1.268017982205e-01
1.321592551227e-01
1.546718964170e-01
1.301610118385e-01
1.245108788881e-01
1.118494677237e-01
1.307358190172e-01
1.209784249234e-01
1.590327564085e-01
1.150838425880e-01
1.556335027949e-01
1.545689694633e-01
1.417303632469e-01
1.291020614097e-01
1.524931811894e-01
1.567198344002e-01
1.217776420734e-01
1.245868678968e-01
1.562713449388e-01
1.467518216069e-01
1.266909452799e-01
1.194290642654e-01
1.327195180039e-01
1.201336344169e-01
1.410365757636e-01
1.393723400961e-01
1.457266730336e-01
1.402221120739e-01
1.187870381505e-01
1.410704349547e-01
1.148655018386e-01
1.340633938805e-01
1.359627424021e-01
1.447378045746e-01
1.207526394225e-01
1.473819023981e-01
1.403481504401e-01
1.059527238515e-01
1.502856059612e-01
1.473385004102e-01
1.410157739689e-01
1.204984528028e-01
1.065157311609e-01
1.452234424208e-01
1.371865905927e-01
1.438942048979e-01
1.300799756158e-01
1.469201994756e-01
1.630422395774e-01
1.296049037578e-01
1.637866523849e-01
1.382589002696e-01
1.198579991498e-01
1.567384315896e-01
1.308815529739e-01
1.691347136187e-01
1.400613909930e-01
1.445439325191e-01
1.450763551254e-01
1.288072519582e-01
1.207261837290e-01
1.294350232817e-01
1.454155579953e-01
1.275807434293e-01
1.089636822065e-01
1.159799515670e-01
1.226400722852e-01
1.522750390491e-01
1.383849946498e-01
1.395090036322e-01
1.125924923243e-01
1.335043860803e-01
1.174801719809e-01
1.487769246039e-01
1.139395677066e-01
1.037133028303e-01
1.299550640289e-01
1.313477015448e-01
1.266379607132e-01
1.192292080272e-01
1.271670648018e-01
1.529655124424e-01
1.160496535758e-01
1.097373165217e-01
1.463672258908e-01
1.199568682660e-01
1.481799654475e-01
1.208229781344e-01
1.215260231393e-01
1.211134784058e-01
1.444628477377e-01
1.402982536838e-01
1.346021551569e-01
1.281045703483e-01
1.454263136519e-01
1.272497399274e-01
1.365710565912e-01
1.358334143002e-01
1.198326918701e-01
1.255926325661e-01
1.373682840856e-01
1.246219573213e-01
1.266840497481e-01
1.256530484436e-01
1.368782998305e-01
1.343281134307e-01
1.285834420658e-01
1.143573446012e-01
1.442052360303e-01
1.269463953921e-01
1.471035442892e-01
1.395467906509e-01
1.399328562569e-01
1.356307823893e-01
1.109210582361e-01
1.146997001344e-01
1.530018035801e-01
1.174267510587e-01
1.115471546244e-01
1.284325096298e-01
1.295005811494e-01
1.125460113640e-01
1.493477896734e-01
1.535951339985e-01
1.307393862430e-01
1.468806616327e-01
1.330528597810e-01
1.275962794885e-01
1.314518464351e-01
1.374430297538e-01
1.597332903816e-01
1.592652883840e-01
1.175172511669e-01
1.340170242102e-01
1.217527387086e-01
1.247275419803e-01
1.245749106840e-01
1.433104540723e-01
1.360941845714e-01
1.328671073186e-01
1.278812992055e-01
1.125219588612e-01
1.310463546554e-01
1.385971646002e-01
1.346025328788e-01
1.641546936100e-01
1.410548251360e-01
1.320073658752e-01
1.309986866924e-01
1.349415123749e-01
1.325738657155e-01
1.222913199123e-01
1.190820794812e-01
1.199061276412e-01
1.389307096349e-01
1.381095104105e-01
1.478728263802e-01
1.177414321389e-01
1.305997956547e-01
1.278216519431e-01
1.386073291260e-01
1.307573223418e-01
1.199835739263e-01
1.423843133566e-01
1.170090311570e-01
1.292040199184e-01
1.595013025022e-01
1.482824545627e-01
1.300650152115e-01
1.429369741458e-01
1.307150634628e-01
1.532154161380e-01
1.488508603821e-01
1.255855992453e-01
1.346914851523e-01
1.459973442212e-01
1.414775336050e-01
1.394474945492e-01
1.152400183793e-01
1.341092455434e-01
1.251838313865e-01
1.280897352629e-01
1.481443645972e-01
1.133555834893e-01
1.507725279331e-01
1.261407545758e-01
1.591344379427e-01
1.398537019152e-01
1.025015225099e-01
1.220712130866e-01
1.310065077533e-01
1.305083150217e-01
9.859054493386e-02
1.405252464403e-01
1.632973727002e-01
1.444682243584e-01
1.241691801334e-01
1.240642011062e-01
1.233906609087e-01
1.372404914464e-01
1.268017980957e-01
1.321592573591e-01
1.546718997888e-01
1.301610079271e-01
1.245108778253e-01
1.118494677736e-01
1.307358176444e-01
1.209784261176e-01
1.590327574863e-01
1.150838420619e-01
1.556335032059e-01
1.545689706162e-01
1.417303635332e-01
1.291020626568e-01
1.524931811994e-01
1.567198334235e-01
1.217776421265e-01
1.245868639298e-01
1.562713419497e-01
1.467518207770e-01
1.266909444914e-01
1.194290652734e-01
1.327195192536e-01
1.201336341086e-01
1.410365728233e-01
1.393723405739e-01
1.457266744863e-01
1.402221119609e-01
1.187870395503e-01
1.410704317322e-01
1.148655016683e-01
1.340633939282e-01
1.359627432084e-01
1.447378032616e-01
1.207526399160e-01
1.473819049561e-01
1.403481513955e-01
1.059527219892e-01
1.502856024531e-01
1.473385013428e-01
1.410157742431e-01
1.204984524318e-01
1.065157311879e-01
1.452234421120e-01
1.371865865925e-01
1.438942041775e-01
1.300799757699e-01
1.469201994864e-01
1.630422389039e-01
1.296049037078e-01
1.637866504731e-01
1.382589002709e-01
1.198580003190e-01
1.567384297309e-01
1.308815531889e-01
1.691347173522e-01
1.400613909310e-01
1.445439334350e-01
1.450763541260e-01
1.288072515556e-01
1.207261844104e-01
1.294350240354e-01
1.454155562965e-01
1.275807427919e-01
1.089636826433e-01
1.159799509357e-01
1.226400722407e-01
1.522750367388e-01
1.383849934956e-01
1.395090021496e-01
1.125924923862e-01
1.335043875162e-01
1.174801729725e-01
1.487769251440e-01
1.139395688078e-01
1.037133035080e-01
1.299550646376e-01
1.313477020945e-01
1.266379588281e-01
1.192292077400e-01
1.271670632877e-01
1.529655122870e-01
1.160496544999e-01
1.097373168390e-01
1.463672261336e-01
1.199568668214e-01
1.481799701607e-01
1.208229797062e-01
1.215260231880e-01
1.211134780457e-01
1.444628469307e-01
1.402982556546e-01
1.346021554252e-01
1.281045675375e-01
1.454263154081e-01
1.272497406825e-01
1.365710590228e-01
1.358334147750e-01
1.198326907788e-01
1.255926323328e-01
1.373682848706e-01
1.246219572346e-01
1.266840505583e-01
1.256530505160e-01
1.368783014591e-01
1.343281136753e-01
1.285834395522e-01
1.143573445113e-01
1.442052362194e-01
1.269463981826e-01
1.471035420498e-01
1.395467878626e-01
1.399328564946e-01
1.356307823505e-01
1.109210582004e-01
1.146996980325e-01
1.530018075049e-01
1.174267504784e-01
1.115471539764e-01
1.284325097894e-01
1.295005808120e-01
1.125460105408e-01
1.493477899628e-01
1.535951362724e-01
1.307393856892e-01
1.468806647960e-01
1.330528577410e-01
1.275962796185e-01
1.314518470823e-01
1.374430296387e-01
1.597332908318e-01
1.592652883553e-01
1.175172511653e-01
1.340170241359e-01
1.217527374552e-01
1.247275405977e-01
1.245749101326e-01
1.433104540173e-01
1.360941848026e-01
1.328671072459e-01
1.278812978692e-01
1.125219583886e-01
1.310463543567e-01
1.385971642868e-01
1.346025298814e-01
1.641546937413e-01
1.410548285034e-01
1.320073668974e-01
1.309986828731e-01
1.349415144735e-01
1.325738680535e-01
1.222913200373e-01
1.190820794056e-01
1.199061277159e-01
1.389307100414e-01
1.381095087680e-01
1.478728228530e-01
1.177414321226e-01
1.305997944366e-01
1.278216528915e-01
1.386073284763e-01
1.307573200685e-01
1.199835728512e-01
1.423843145151e-01
1.170090305330e-01
1.292040183297e-01
1.595013021483e-01
1.482824550503e-01
1.300650152056e-01
1.429369742904e-01
1.307150633634e-01
1.532154160437e-01
1.488508616712e-01
1.255855993824e-01
1.346914871109e-01
1.459973418452e-01
1.414775348912e-01
1.394474974532e-01
1.152400173600e-01
1.341092451428e-01
1.251838314811e-01
1.280897361062e-01
1.481443645087e-01
1.133555839399e-01
1.507725235603e-01
1.261407543499e-01
1.591344373237e-01
1.398536984769e-01
1.025015210381e-01
1.220712146373e-01
1.310065063192e-01
1.305083152841e-01
9.859054426669e-02
1.405252472040e-01
1.632973753175e-01
1.444682238777e-01
1.241691816127e-01
1.240642006544e-01
1.233906627008e-01
1.372404909312e-01
1.268017949546e-01
1.321592581568e-01
1.546718996521e-01
1.301610105500e-01
1.245108773908e-01
1.118494677287e-01
1.307358190208e-01
1.209784277490e-01
1.590327552769e-01
1.150838417818e-01
1.556335010707e-01
1.545689695931e-01
1.417303623458e-01
1.291020606437e-01
1.524931803930e-01
1.567198340152e-01
1.217776420198e-01
1.245868616899e-01
1.562713457907e-01
1.467518168082e-01
1.266909443785e-01
1.194290642169e-01
1.327195179748e-01
1.201336340837e-01
1.410365728761e-01
1.393723397708e-01
1.457266786201e-01
1.402221097080e-01
1.187870410615e-01
1.410704334627e-01
1.148655022870e-01
1.340633931377e-01
1.359627409619e-01
1.447378059921e-01
1.207526385860e-01
1.473819052694e-01
1.403481504237e-01
1.059527227575e-01
1.502856034118e-01
1.473385010310e-01
1.410157743037e-01
1.204984529901e-01
1.065157305290e-01
1.452234426165e-01
1.371865905402e-01
1.438942030937e-01
1.300799755328e-01
1.469201995940e-01
1.630422387327e-01
1.296049055644e-01
1.637866502007e-01
1.382589010666e-01
1.198579981564e-01
1.567384317392e-01
1.308815578109e-01
1.691347171590e-01
1.400613909997e-01
1.445439334459e-01
1.450763547889e-01
1.288072522330e-01
1.207261849402e-01
1.294350234359e-01
1.454155573068e-01
1.275807433120e-01
1.089636828788e-01
1.159799516355e-01
1.226400705975e-01
1.522750399952e-01
1.383849947203e-01
1.395090020982e-01
1.125924921289e-01
1.335043858899e-01
1.174801714288e-01
1.487769248095e-01
1.139395671744e-01
1.037133036574e-01
1.299550635837e-01
1.313477018159e-01
1.266379565100e-01
1.192292080250e-01
1.271670664921e-01
1.529655127906e-01
1.160496532064e-01
1.097373167974e-01
1.463672248749e-01
1.199568673207e-01
1.481799699874e-01
1.208229802197e-01
1.215260231294e-01
1.211134743107e-01
1.444628485165e-01
1.402982538480e-01
1.346021551252e-01
1.281045688068e-01
1.454263136312e-01
1.272497409128e-01
1.365710602380e-01
1.358334142651e-01
1.198326898254e-01
1.255926325795e-01
1.373682855302e-01
1.246219561610e-01
1.266840496994e-01
1.256530511987e-01
1.368783016288e-01
1.343281162429e-01
1.285834419308e-01
1.143573445568e-01
1.442052372968e-01
1.269463971756e-01
1.471035421288e-01
1.395467878275e-01
1.399328569485e-01
1.356307821304e-01
1.109210581619e-01
1.146996977689e-01
1.530018031214e-01
1.174267500425e-01
1.115471546049e-01
1.284325092084e-01
1.295005791660e-01
1.125460113239e-01
1.493477890246e-01
1.535951373821e-01
1.307393855254e-01
1.468806631283e-01
1.330528594199e-01
1.275962797963e-01
1.314518471094e-01
1.374430282477e-01
1.597332912621e-01
1.592652884125e-01
1.175172515604e-01
1.340170239851e-01
1.217527386250e-01
1.247275431795e-01
1.245749103429e-01
1.433104540409e-01
1.360941826212e-01
1.328671067478e-01
1.278812986079e-01
1.125219577229e-01
1.310463535745e-01
1.385971644620e-01
1.346025328828e-01
1.641546915040e-01
1.410548263734e-01
1.320073658878e-01
1.309986864040e-01
1.349415109455e-01
1.325738682294e-01
1.222913200523e-01
1.190820794136e-01
1.199061288583e-01
1.389307096879e-01
1.381095113492e-01
1.478728265801e-01
1.177414321182e-01
1.305997946243e-01
1.278216507881e-01
1.386073285348e-01
1.307573213062e-01
1.199835727914e-01
1.423843121850e-01
1.170090306166e-01
1.292040189470e-01
1.595013013424e-01
1.482824550401e-01
1.300650160964e-01
1.429369734354e-01
1.307150633789e-01
1.532154158609e-01
1.488508580997e-01
1.255855995946e-01
1.346914864659e-01
1.459973413594e-01
1.414775306565e-01
1.394474943706e-01
1.152400180458e-01
1.341092457903e-01
1.251838316550e-01
1.280897369784e-01
1.481443642736e-01
1.133555834669e-01
1.507725241227e-01
1.261407537046e-01
1.591344374814e-01
1.398536997080e-01
1.025015223747e-01
1.220712124599e-01
1.310065067816e-01
1.305083151466e-01
9.859054352830e-02
1.405252446139e-01
1.632973769994e-01
1.444682221560e-01
1.241691800999e-01
1.240642012884e-01
1.233906607382e-01
1.372404913759e-01
1.268017978399e-01
1.321592553027e-01
1.546719002167e-01
1.301610108502e-01
1.245108793905e-01
1.118494677355e-01
1.307358190282e-01
1.209784249347e-01
1.590327558457e-01
1.150838426462e-01
1.556335027894e-01
1.545689706634e-01
1.417303632615e-01
1.291020611167e-01
1.524931812962e-01
1.567198344039e-01
1.217776420286e-01
1.245868679046e-01
1.562713437591e-01
1.467518217530e-01
1.266909458918e-01
1.194290642715e-01
1.327195181457e-01
1.201336320098e-01
1.410365754496e-01
1.393723403780e-01
1.457266741108e-01
1.402221119446e-01
1.187870374764e-01
1.410704347408e-01
1.148655013069e-01
1.340633939100e-01
1.359627431444e-01
1.447378031790e-01
1.207526403924e-01
1.473819023937e-01
1.403481511388e-01
1.059527238698e-01
1.502856036943e-01
1.473385003820e-01
1.410157742133e-01
1.204984528138e-01
1.065157305589e-01
1.452234425237e-01
1.371865905831e-01
1.438942039907e-01
1.300799757966e-01
1.469201996244e-01
1.630422384546e-01
1.296049035134e-01
1.637866523067e-01
1.382588990228e-01
1.198579988877e-01
1.567384315115e-01
1.308815535031e-01
1.691347134815e-01
1.400613910040e-01
1.445439340970e-01
1.450763549460e-01
1.288072524535e-01
1.207261836921e-01
1.294350242793e-01
1.454155587106e-01
1.275807434950e-01
1.089636827490e-01
1.159799518240e-01
1.226400723597e-01
1.522750396874e-01
1.383849935220e-01
1.395090034696e-01
1.125924923523e-01
1.335043857571e-01
1.174801717541e-01
1.487769246597e-01
1.139395685561e-01
1.037133049079e-01
1.299550635191e-01
1.313477020237e-01
1.266379605771e-01
1.192292080467e-01
1.271670648174e-01
1.529655122219e-01
1.160496535739e-01
1.097373165455e-01
1.463672246916e-01
1.199568676134e-01
1.481799657295e-01
1.208229781419e-01
1.215260231522e-01
1.211134778734e-01
1.444628466122e-01
1.402982538817e-01
1.346021551038e-01
1.281045700590e-01
1.454263139645e-01
1.272497403188e-01
1.365710604344e-01
1.358334143186e-01
1.198326898919e-01
1.255926326386e-01
1.373682841667e-01
1.246219563600e-01
1.266840497650e-01
1.256530511764e-01
1.368783017690e-01
1.343281161595e-01
1.285834425719e-01
1.143573446142e-01
1.442052376925e-01
1.269463976454e-01
1.471035419779e-01
1.395467879223e-01
1.399328558234e-01
1.356307823041e-01
1.109210579335e-01
1.146996978260e-01
1.530018031803e-01
1.174267493616e-01
1.115471546187e-01
1.284325087822e-01
1.295005790989e-01
1.125460109208e-01
1.493477893801e-01
1.535951360654e-01
1.307393861642e-01
1.468806652135e-01
1.330528555887e-01
1.275962797909e-01
1.314518463630e-01
1.374430277912e-01
1.597332914413e-01
1.592652884145e-01
1.175172507482e-01
1.340170240319e-01
1.217527386681e-01
1.247275433429e-01
1.245749093055e-01
1.433104541131e-01
1.360941826981e-01
1.328671068065e-01
1.278812991189e-01
1.125219583428e-01
1.310463551328e-01
1.385971645001e-01
1.346025328321e-01
1.641546912466e-01
1.410548265970e-01
1.320073652062e-01
1.309986828628e-01
1.349415110141e-01
1.325738684001e-01
1.222913201171e-01
1.190820794837e-01
1.199061289304e-01
1.389307095481e-01
1.381095107351e-01
1.478728263334e-01
1.177414319101e-01
1.305997940719e-01
1.278216495286e-01
1.386073282044e-01
1.307573183045e-01
1.199835728989e-01
1.423843122478e-01
1.170090306936e-01
1.292040200658e-01
1.595013021691e-01
1.482824551306e-01
1.300650157039e-01
1.429369736525e-01
1.307150634285e-01
1.532154165923e-01
1.488508577922e-01
1.255855996609e-01
1.346914880659e-01
1.459973419459e-01
1.414775315776e-01
1.394474937221e-01
1.152400180917e-01
1.341092459753e-01
1.251838317728e-01
1.280897356275e-01
1.481443652201e-01
1.133555836544e-01
1.507725245963e-01
1.261407539132e-01
1.591344375448e-01
1.398536998938e-01
1.025015221798e-01
1.220712130562e-01
1.310065059082e-01
1.305083152579e-01
9.859054326358e-02
1.405252454538e-01
1.632973743014e-01
1.444682224857e-01
1.241691801606e-01
1.240642013953e-01
1.233906587010e-01
1.372404915639e-01
1.268017978719e-01
1.321592553937e-01
1.546718995552e-01
1.301610121148e-01
1.245108779646e-01
1.118494677920e-01
1.307358190820e-01
1.209784249923e-01
1.590327551294e-01
1.150838435745e-01
1.556335026635e-01
1.545689708845e-01
1.417303633117e-01
1.291020604766e-01
1.524931807606e-01
1.567198344443e-01
1.217776420585e-01
1.245868679565e-01
1.562713454376e-01
1.467518213539e-01
1.266909454647e-01
1.194290643290e-01
1.327195181577e-01
1.201336340962e-01
1.410365755699e-01
1.393723402175e-01
1.457266738277e-01
1.402221120783e-01
1.187870374389e-01
1.410704351440e-01
1.148655020596e-01
1.340633939664e-01
1.359627428106e-01
1.447378052081e-01
1.207526391490e-01
1.473819024611e-01
1.403481505728e-01
1.059527219393e-01
1.502856038143e-01
1.473385002139e-01
1.410157745495e-01
1.204984530702e-01
1.065157310139e-01
1.452234425312e-01
1.371865906437e-01
1.438942047685e-01
1.300799756776e-01
1.469201996609e-01
1.630422396295e-01
1.296049040530e-01
1.637866520276e-01
1.382589003518e-01
1.198579989203e-01
1.567384316220e-01
1.308815530335e-01
1.691347143101e-01
1.400613910630e-01
1.445439334971e-01
1.450763550505e-01
1.288072519935e-01
1.207261837563e-01
1.294350219716e-01
1.454155573601e-01
1.275807434944e-01
1.089636826263e-01
1.159799505982e-01
1.226400725302e-01
1.522750394657e-01
1.383849941860e-01
1.395090037547e-01
1.125924923910e-01
1.335043869865e-01
1.174801717750e-01
1.487769256751e-01
1.139395683275e-01
1.037133044150e-01
1.299550644001e-01
1.313477017772e-01
1.266379607464e-01
1.192292080720e-01
1.271670648701e-01
1.529655129841e-01
1.160496543423e-01
1.097373168919e-01
1.463672260402e-01
1.199568670799e-01
1.481799661150e-01
1.208229781963e-01
1.215260232202e-01
1.211134778278e-01
1.444628472695e-01
1.403243719109e-01
1.346364281482e-01
1.281351587759e-01
1.454538468206e-01
1.272818674107e-01
1.366040497647e-01
1.358587517195e-01
1.198674732560e-01
1.256226606454e-01
1.374026962913e-01
1.246493459194e-01
1.267147795948e-01
1.256839810734e-01
1.369062681227e-01
1.343625215050e-01
1.286114404244e-01
1.143892133669e-01
1.442340545314e-01
1.269727604467e-01
1.471305319239e-01
1.395786910509e-01
1.399608926865e-01
1.356576832148e-01
1.109552341258e-01
1.147291593873e-01
1.530339306094e-01
1.174537969116e-01
1.115843948951e-01
1.284642525846e-01
1.295288305739e-01
1.125812679204e-01
1.493778721317e-01
1.536210524938e-01
1.307727047446e-01
1.469114188920e-01
1.330875309453e-01
1.276281834357e-01
1.314805490286e-01
1.374700216961e-01
1.597615762631e-01
1.593006851485e-01
1.175523082874e-01
1.340444715654e-01
1.217861346175e-01
1.247549785913e-01
1.246081091885e-01
1.433418743755e-01
1.361262862787e-01
1.328963557730e-01
1.279086106658e-01
1.125541825313e-01
1.310787393768e-01
1.386279657858e-01
1.346324098269e-01
1.641865775686e-01
1.410793778081e-01
1.320370097429e-01
1.310256189072e-01
1.349723949493e-01
1.326039493901e-01
1.223201139005e-01
1.191168171203e-01
1.199409193627e-01
1.389579978421e-01
1.381408590048e-01
1.478989828088e-01
1.177730038192e-01
1.306330286939e-01
1.278509761586e-01
1.386349667566e-01
1.307876190324e-01
1.200127655814e-01
1.424140440144e-01
1.170408036776e-01
1.292317821928e-01
1.595286540473e-01
1.483137152920e-01
1.300959938748e-01
1.429671200704e-01
1.307454751186e-01
1.532451211222e-01
1.488833101086e-01
1.256160922471e-01
1.347239936635e-01
1.460277463206e-01
1.415072190072e-01
1.394765984571e-01
1.152720343660e-01
1.341392887127e-01
1.252113532036e-01
1.281204359599e-01
1.481738736284e-01
1.133857932705e-01
1.508094221242e-01
1.261712492933e-01
1.591626308315e-01
1.398822751673e-01
1.025327699778e-01
1.221042265169e-01
1.310368741240e-01
1.305415735917e-01
9.862375195873e-02
1.405525690476e-01
1.633250420820e-01
1.444992285797e-01
1.242002453144e-01
1.240965307170e-01
1.234192891429e-01
1.372680990363e-01
1.268378000412e-01
1.321865110652e-01
1.547027316507e-01
1.301909741338e-01
1.245411016518e-01
1.118809924310e-01
1.307621184202e-01
1.210065521691e-01
1.590627035507e-01
1.151188142613e-01
1.556618311732e-01
1.545978732112e-01
1.417605509526e-01
1.291348190854e-01
1.525207231710e-01
1.567483191025e-01
1.218055682204e-01
1.246207188112e-01
1.563015313151e-01
1.467811685998e-01
1.267269712203e-01
1.194606703424e-01
1.327449411776e-01
1.201658341791e-01
1.410643438448e-01
1.394093480361e-01
1.457583375929e-01
1.402483942816e-01
1.188174334302e-01
1.410970551521e-01
1.148964634218e-01
1.340972468395e-01
1.359914268266e-01
1.447660960582e-01
1.207812222134e-01
1.474081669689e-01
1.403808744371e-01
1.059850087471e-01
1.503157318712e-01
1.473699119800e-01
1.410485722441e-01
1.205281331829e-01
1.065509274657e-01
1.452542269201e-01
1.372136508302e-01
1.439233908635e-01
1.301126248429e-01
1.469523663990e-01
1.630749324107e-01
1.296370239821e-01
1.638147383663e-01
1.382908160049e-01
1.198870646020e-01
1.567656023919e-01
1.309156054966e-01
1.691652262064e-01
1.400913836210e-01
1.445709858633e-01
1.451073772891e-01
1.288338177229e-01
1.207555108846e-01
1.294724073171e-01
1.454532982476e-01
1.276124917367e-01
1.089954229400e-01
1.160101464592e-01
1.226703761300e-01
1.523093467689e-01
1.384162558905e-01
1.395402525395e-01
1.126247165694e-01
1.335398271871e-01
1.175141094685e-01
1.488082778110e-01
1.139729781470e-01
1.037457110726e-01
1.299857188144e-01
1.313744114920e-01
1.266642219414e-01
1.192646455447e-01
1.271992706664e-01
1.529968113618e-01
1.160832393708e-01
1.097707004109e-01
1.463959101463e-01
1.199840855519e-01
1.482078752132e-01
1.208566955777e-01
1.215569683420e-01
1.211473022616e-01
1.444958567974e-01
1.402985807856e-01
1.346027514724e-01
1.281051898040e-01
1.454265517207e-01
1.272503281317e-01
1.365715967962e-01
1.358337120467e-01
1.198333838978e-01
1.255932110215e-01
1.373687893692e-01
1.246224173928e-01
1.266844371657e-01
1.256535231442e-01
1.368786850244e-01
1.343286071047e-01
1.285837369069e-01
1.143579606513e-01
1.442055258394e-01
1.269465695168e-01
1.471037974483e-01
1.395475315465e-01
1.399330869025e-01
1.356311149698e-01
1.109215861301e-01
1.146999512597e-01
1.530020641463e-01
1.174272909436e-01
1.115477459511e-01
1.284330254402e-01
1.295009792379e-01
1.125464153083e-01
1.493482489486e-01
1.535954553915e-01
1.307400146164e-01
1.468809393344e-01
1.330535963983e-01
1.275968785940e-01
1.314523382864e-01
1.374434861270e-01
1.597338424714e-01
1.592660460583e-01
1.175176422002e-01
1.340172075698e-01
1.217531893706e-01
1.247281340086e-01
1.245753847797e-01
1.433110608260e-01
1.360947428654e-01
1.328672788960e-01
1.278816579039e-01
1.125225590687e-01
1.310467800790e-01
1.385973428541e-01
1.346030368870e-01
1.641547998143e-01
1.410551846660e-01
1.320075268969e-01
1.309993424478e-01
1.349419157633e-01
1.325743673553e-01
1.222918734034e-01
1.190826482011e-01
1.199067685549e-01
1.389312499288e-01
1.381101726411e-01
1.478732179082e-01
1.177417381178e-01
1.306003228313e-01
1.278219083765e-01
1.386076150899e-01
1.307578184933e-01
1.199840124596e-01
1.423845989633e-01
1.170096428325e-01
1.292045511703e-01
1.595016382524e-01
1.482828413659e-01
1.300654930414e-01
1.429373964342e-01
1.307155407669e-01
1.532159404055e-01
1.488512181946e-01
1.255863216189e-01
1.346918039717e-01
1.459979101110e-01
1.414777949966e-01
1.394478227795e-01
1.152403689741e-01
1.341099255045e-01
1.251841230598e-01
1.280902223185e-01
1.481448409479e-01
1.133561300052e-01
1.507731540009e-01
1.261412980997e-01
1.591345520476e-01
1.398541428328e-01
1.025021566542e-01
1.220717888440e-01
1.310068574315e-01
1.305088199170e-01
9.859094690444e-02
1.405258184158e-01
1.632976178827e-01
1.444685267565e-01
1.241695629119e-01
1.240648866257e-01
1.233907961065e-01
1.372406091130e-01
1.268022212751e-01
1.321596445266e-01
1.546722259018e-01
1.301611885958e-01
1.245112511269e-01
1.118499441646e-01
1.307361600526e-01
1.209789294608e-01
1.590331626180e-01
1.150845692002e-01
1.556338283730e-01
1.545691858971e-01
1.417306847332e-01
1.291026039393e-01
1.524933528290e-01
1.567202282744e-01
1.217781291298e-01
1.245874717768e-01
1.562716331235e-01
1.467520205363e-01
1.266914576461e-01
1.194295938057e-01
1.327200267475e-01
1.201341673655e-01
1.410369555796e-01
1.393728310583e-01
1.457272271298e-01
1.402224734493e-01
1.187875019440e-01
1.410708071381e-01
1.148658787509e-01
1.340639065506e-01
1.359630912304e-01
1.447383055788e-01
1.207529996260e-01
1.473823325491e-01
1.403486048105e-01
1.059533119798e-01
1.502862057619e-01
1.473391543986e-01
1.410163264302e-01
1.204991294195e-01
1.065163975360e-01
1.452240293203e-01
1.371870264956e-01
1.438945888079e-01
1.300804492059e-01
1.469207141375e-01
1.630425749531e-01
1.296052001612e-01
1.637871311861e-01
1.382592631068e-01
1.198581814907e-01
1.567386567438e-01
1.308819321552e-01
1.691350716333e-01
1.400616503338e-01
1.445442994002e-01
1.450767783486e-01
1.288075179936e-01
1.207267760990e-01
1.294355461894e-01
1.454162336357e-01
1.275810852651e-01
1.089642641241e-01
1.159802277308e-01
1.226405470440e-01
1.522755172949e-01
1.383855013221e-01
1.395096604184e-01
1.125929862341e-01
1.335048979013e-01
1.174806934364e-01
1.487773696137e-01
1.139401948846e-01
1.037139676934e-01
1.299556081419e-01
1.313480424964e-01
1.266383696986e-01
1.192298321616e-01
1.271674396092e-01
1.529658362477e-01
1.160501515728e-01
1.097379139977e-01
1.463677371140e-01
1.199572943136e-01
1.481804280612e-01
1.208236374330e-01
1.215267651199e-01
1.211141219814e-01
1.444633717953e-01
1.402930139292e-01
1.345960102899e-01
1.280989283233e-01
1.454209266409e-01
1.272442623242e-01
1.365655061060e-01
1.358285722866e-01
1.198267952903e-01
1.255873451758e-01
1.373626586518e-01
1.246168115908e-01
1.266787224330e-01
1.256477111240e-01
1.368729338258e-01
1.343222080244e-01
1.285783642504e-01
1.143519561178e-01
1.441997078873e-01
1.269414794794e-01
1.470983942851e-01
1.395408655661e-01
1.399275770503e-01
1.356259693654e-01
1.109154952116e-01
1.146947103435e-01
1.529963343775e-01
1.174216975345e-01
1.115415472592e-01
1.284271677377e-01
1.294954167858e-01
1.125406142579e-01
1.493423727422e-01
1.535899952950e-01
1.307335701816e-01
1.468751927472e-01
1.330469661583e-01
1.275906673262e-01
1.314465545345e-01
1.374377260386e-01
1.597276052367e-01
1.592589629545e-01
1.175116538659e-01
1.340119171476e-01
1.217472713211e-01
1.247222801665e-01
1.245696882716e-01
1.433046062221e-01
1.360882833424e-01
1.328618060692e-01
1.278763924437e-01
1.125165293060e-01
1.310409232799e-01
1.385916671023e-01
1.345973274420e-01
1.641491675964e-01
1.410499261700e-01
1.320020198126e-01
1.309933198418e-01
1.349361355488e-01
1.325685253066e-01
1.222857369937e-01
1.190763923587e-01
1.199006279963e-01
1.389254125823e-01
1.381039110845e-01
1.478674939923e-01
1.177364464663e-01
1.305940126725e-01
1.278164519195e-01
1.386019433740e-01
1.307520757760e-01
1.199786704765e-01
1.423790480969e-01
1.170035357991e-01
1.291988699086e-01
1.594958058397e-01
1.482768168830e-01
1.300598328390e-01
1.429315785189e-01
1.307097301349e-01
1.532098368085e-01
1.488452816110e-01
1.255800267457e-01
1.346858814586e-01
1.459916150375e-01
1.414723776349e-01
1.394421152589e-01
1.152346683505e-01
1.341036963239e-01
1.251787738521e-01
1.280840065084e-01
1.481387805485e-01
1.133504612412e-01
1.507661280443e-01
1.261354319034e-01
1.591291896858e-01
1.398483508405e-01
1.024964919583e-01
1.220655858618e-01
1.310012216346e-01
1.305029805932e-01
9.858552948890e-02
1.405199355527e-01
1.632917265519e-01
1.444629658436e-01
1.241639922850e-01
1.240585902824e-01
1.233857921018e-01
1.372352796481e-01
1.267960267297e-01
1.321543257796e-01
1.546663066522e-01
1.301558566586e-01
1.245056564639e-01
1.118444202853e-01
1.307308528435e-01
1.209735035847e-01
1.590271400482e-01
1.150782307453e-01
1.556282436011e-01
1.545633762489e-01
1.417246638352e-01
1.290960841208e-01
1.524879177057e-01
1.567143041569e-01
1.217722830911e-01
1.245813913174e-01
1.562658318745e-01
1.467465929136e-01
1.266853264356e-01
1.194235117566e-01
1.327144612286e-01
1.201279266049e-01
1.410311772683e-01
1.393663575046e-01
1.457210675411e-01
1.402170071338e-01
1.187815725513e-01
1.410651521924e-01
1.148602617471e-01
1.340576392317e-01
1.359576082643e-01
1.447324644308e-01
1.207474933697e-01
1.473766314383e-01
1.403421330315e-01
1.059471833626e-01
1.502797924650e-01
1.473326525709e-01
1.410101631841e-01
1.204929246531e-01
1.065103734963e-01
1.452178226631e-01
1.371816441122e-01
1.438886619753e-01
1.300744748906e-01
1.469146869852e-01
1.630362119528e-01
1.295993630796e-01
1.637810048566e-01
1.382533780157e-01
1.198530632888e-01
1.567330268708e-01
1.308757936343e-01
1.691290911079e-01
1.400562390105e-01
1.445384770765e-01
1.450708354008e-01
1.288023865045e-01
1.207208301868e-01
1.294291977950e-01
1.454093223533e-01
1.275753242812e-01
1.089583801394e-01
1.159749740549e-01
1.226347131534e-01
1.522690860801e-01
1.383790912957e-01
1.395030880973e-01
1.125871301260e-01
1.334986493407e-01
1.174749579628e-01
1.487715566230e-01
1.139342645865e-01
1.037080167922e-01
1.299497114798e-01
1.313428099735e-01
1.266330172644e-01
1.192235370508e-01
1.271616361486e-01
1.529598333539e-01
1.160441351380e-01
1.097318508829e-01
1.463617600046e-01
1.199517775554e-01
1.481747187278e-01
1.208173951439e-01
1.215205591681e-01
1.211079540071e-01
1.444572658000e-01
1.402983669750e-01
1.346022674171e-01
1.281046812342e-01
1.454264268543e-01
1.272498544538e-01
1.365711553050e-01
1.358335119454e-01
1.198328116807e-01
1.255927259801e-01
1.373683974425e-01
1.246220624114e-01
1.266841430105e-01
1.256531604972e-01
1.368783998030e-01
1.343282164539e-01
1.285835405587e-01
1.143574483249e-01
1.442053422353e-01
1.269464938879e-01
1.471036366357e-01
1.395468849800e-01
1.399329668816e-01
1.356308841275e-01
1.109211651301e-01
1.146997870615e-01
1.530019197238e-01
1.174268578732e-01
1.115472574180e-01
1.284326026803e-01
1.295006774457e-01
1.125461132624e-01
1.493478985340e-01
1.535952317229e-01
1.307394993783e-01
1.468807623333e-01
1.330529576741e-01
1.275963795473e-01
1.314519429273e-01
1.374431254389e-01
1.597333912827e-01
1.592654054517e-01
1.175173545523e-01
1.340171259095e-01
1.217528331086e-01
1.247276453950e-01
1.245750115163e-01
1.433105550844e-01
1.360943002316e-01
1.328672139077e-01
1.278813938961e-01
1.125220691529e-01
1.310464592402e-01
1.385972771136e-01
1.346026270250e-01
1.641548048545e-01
1.410549302268e-01
1.320074675839e-01
1.309987858522e-01
1.349416058825e-01
1.325739609460e-01
1.222914163587e-01
1.190821796200e-01
1.199062353942e-01
1.389308119974e-01
1.381096154950e-01
1.478729255572e-01
1.177415231207e-01
1.305998955300e-01
1.278217550778e-01
1.386074241114e-01
1.307574194147e-01
1.199836649418e-01
1.423844107813e-01
1.170091356066e-01
1.292041230740e-01
1.595014079590e-01
1.482825673678e-01
1.300651207340e-01
1.429370744051e-01
1.307151698693e-01
1.532155173687e-01
1.488509689925e-01
1.255857005159e-01
1.346915932856e-01
1.459974457485e-01
1.414776392355e-01
1.394475980099e-01
1.152401302094e-01
1.341093520774e-01
1.251839422974e-01
1.280898401573e-01
1.481444750630e-01
1.133556866118e-01
1.507726370109e-01
1.261408580149e-01
1.591345378004e-01
1.398537991447e-01
1.025016185164e-01
1.220713254127e-01
1.310066109582e-01
1.305084144390e-01
9.859063437069e-02
1.405253460089e-01
1.632974930188e-01
1.444683297737e-01
1.241692731017e-01
1.240643118601e-01
1.233907576761e-01
1.372405864973e-01
1.268019031861e-01
1.321593630718e-01
1.546720001697e-01
1.301611127125e-01
1.245109843707e-01
1.118495724505e-01
1.307359119475e-01
1.209785276361e-01
1.590328635472e-01
1.150839433315e-01
1.556335942440e-01
1.545690796635e-01
1.417304760023e-01
1.291021619279e-01
1.524932776473e-01
1.567199308849e-01
1.217777378122e-01
1.245869764868e-01
1.562714516807e-01
1.467519172781e-01
1.266910536533e-01
1.194291645183e-01
1.327196156004e-01
1.201337369829e-01
1.410366791050e-01
1.393724457664e-01
1.457267831699e-01
1.402222187720e-01
1.187871358552e-01
1.410705356755e-01
1.148655947555e-01
1.340635103004e-01
1.359628409994e-01
1.447379148070e-01
1.207527330704e-01
1.473820061354e-01
1.403482552976e-01
1.059528279601e-01
1.502857192309e-01
1.473386072084e-01
1.410158835193e-01
1.204985621676e-01
1.065158376534e-01
1.452235580373e-01
1.371866778487e-01
1.438943185634e-01
1.300800746463e-01
1.469203072531e-01
1.630423391295e-01
1.296050103460e-01
1.637867513614e-01
1.382590136412e-01
1.198581026131e-01
1.567385247342e-01
1.308816600562e-01
1.691348279814e-01
1.400614890856e-01
1.445440395879e-01
1.450764568100e-01
1.288073432313e-01
1.207262869641e-01
1.294351299989e-01
1.454156738400e-01
1.275808439686e-01
1.089637731329e-01
1.159800502301e-01
1.226401684071e-01
1.522751553632e-01
1.383851011510e-01
1.395091076065e-01
1.125925927247e-01
1.335044862001e-01
1.174802683883e-01
1.487770262139e-01
1.139396656852e-01
1.037134131756e-01
1.299551642443e-01
1.313478094373e-01
1.266380587050e-01
1.192293146842e-01
1.271671804312e-01
1.529656297130e-01
1.160497459671e-01
1.097374145049e-01
1.463673200038e-01
1.199569644700e-01
1.481800724290e-01
1.208230735086e-01
1.215261298481e-01
1.211135847508e-01
1.444629459304e-01
1.402983183462e-01
1.346022158180e-01
1.281046318896e-01
1.454263754621e-01
1.272497961091e-01
1.365711187403e-01
1.358334661909e-01
1.198327463557e-01
1.255926836125e-01
1.373683487862e-01
1.246220107361e-01
1.266841027250e-01
1.256531034909e-01
1.368783578901e-01
1.343281664776e-01
1.285834911406e-01
1.143573953359e-01
1.442052943583e-01
1.269464599041e-01
1.471035985164e-01
1.395468413069e-01
1.399329173062e-01
1.356308362514e-01
1.109211052804e-01
1.146997516653e-01
1.530018627008e-01
1.174268104130e-01
1.115472087416e-01
1.284325616452e-01
1.295006386244e-01
1.125460599190e-01
1.493478455583e-01
1.535951916806e-01
1.307394490674e-01
1.468807291962e-01
1.330529130273e-01
1.275963340411e-01
1.314518963884e-01
1.374430879900e-01
1.597333444437e-01
1.592653544595e-01
1.175173029094e-01
1.340170761186e-01
1.217527885073e-01
1.247275949269e-01
1.245749588176e-01
1.433105165929e-01
1.360942376364e-01
1.328671658684e-01
1.278813569952e-01
1.125220111332e-01
1.310464074104e-01
1.385972284370e-01
1.346025919408e-01
1.641547564772e-01
1.410548885251e-01
1.320074214872e-01
1.309987422243e-01
1.349415729066e-01
1.325739228362e-01
1.222913811806e-01
1.190821343538e-01
1.199061777899e-01
1.389307648768e-01
1.381095676532e-01
1.478728879145e-01
1.177414819383e-01
1.305998482328e-01
1.278217087942e-01
1.386073827169e-01
1.307573766956e-01
1.199836244166e-01
1.423843723865e-01
1.170090877048e-01
1.292040810851e-01
1.595013693524e-01
1.482825169547e-01
1.300650679627e-01
1.429370294255e-01
1.307151137957e-01
1.532154696112e-01
1.488509115296e-01
1.255856563640e-01
1.346915454273e-01
1.459973989164e-01
1.414775829892e-01
1.394475564935e-01
1.152400652664e-01
1.341093051073e-01
1.251838849411e-01
1.280897899198e-01
1.481444327981e-01
1.133556422302e-01
1.507725888744e-01
1.261408093701e-01
1.591345008352e-01
1.398537538460e-01
1.025015713755e-01
1.220712640456e-01
1.310065605210e-01
1.305083641505e-01
9.859058543931e-02
1.405253018461e-01
1.632974324265e-01
1.444682756391e-01
1.241692368601e-01
1.240642539966e-01
1.233907138623e-01
1.372405504620e-01
1.268018488724e-01
1.321593079378e-01
1.546719539048e-01
1.301610649631e-01
1.245109341610e-01
1.118495188926e-01
1.307358716554e-01
1.209784789441e-01
1.590328195148e-01
1.150838990235e-01
1.556335669010e-01
1.545690354354e-01
1.417304182765e-01
1.291021205697e-01
1.524932391580e-01
1.567198951130e-01
1.217776968417e-01
1.245869252870e-01
1.562714012865e-01
1.467518870440e-01
1.266910043364e-01
1.194291215294e-01
1.327195770114e-01
1.201336846460e-01
1.410366330256e-01
1.393723945369e-01
1.457267393009e-01
1.402221652179e-01
1.187870905068e-01
1.410704887328e-01
1.148655494000e-01
1.340634458639e-01
1.359627873149e-01
1.447378633176e-01
1.207526897902e-01
1.473819670273e-01
1.403482146344e-01
1.059527731978e-01
1.502856642515e-01
1.473385617387e-01
1.410158383714e-01
1.204985110305e-01
1.065157813672e-01
1.452235010264e-01
1.371866438132e-01
1.438942694574e-01
1.300800262055e-01
1.469202593290e-01
1.630423056181e-01
1.296049577623e-01
1.637867154046e-01
1.382589524317e-01
1.198580506712e-01
1.567384941139e-01
1.308816085877e-01
1.691347835194e-01
1.400614496067e-01
1.445439943882e-01
1.450764223469e-01
1.288073012676e-01
1.207262360180e-01
1.294350781879e-01
1.454156132017e-01
1.275807938218e-01
1.089637287600e-01
1.159799996255e-01
1.226401316663e-01
1.522750987711e-01
1.383850538668e-01
1.395090633001e-01
1.125925387361e-01
1.335044417760e-01
1.174802186226e-01
1.487769804535e-01
1.139396178521e-01
1.037133577718e-01
1.299551168587e-01
1.313477611015e-01
1.266380133942e-01
1.192292546816e-01
1.271671240779e-01
1.529655767292e-01
1.160497089009e-01
1.097373707611e-01
1.463672829149e-01
1.199569267100e-01
1.481800235345e-01
1.208230290954e-01
1.215260788439e-01
1.211135293329e-01
1.444629012686e-01
1.403050880283e-01
1.346087478231e-01
1.281106636906e-01
1.454333982995e-01
1.272561623248e-01
1.365769623573e-01
1.358389850643e-01
1.198387046655e-01
1.255979464492e-01
1.373751400589e-01
1.246282639707e-01
1.266899310928e-01
1.256595397252e-01
1.368846012407e-01
1.343341446537e-01
1.285886515960e-01
1.143626533148e-01
1.442120883809e-01
1.269529454509e-01
1.471104603554e-01
1.395532441174e-01
1.399390416981e-01
1.356366758613e-01
1.109270338687e-01
1.147051115221e-01
1.530084469527e-01
1.174327717615e-01
1.115528831014e-01
1.284385079004e-01
1.295060875460e-01
1.125518010154e-01
1.493541026281e-01
1.536016927199e-01
1.307459146600e-01
1.468873198337e-01
1.330585050273e-01
1.276020232054e-01
1.314574947600e-01
1.374498962236e-01
1.597402627971e-01
1.592718854661e-01
1.175223045975e-01
1.340230243471e-01
1.217588849989e-01
1.247337966414e-01
1.245803027798e-01
1.433166436015e-01
1.361008834298e-01
1.328730372824e-01
1.278873604349e-01
1.125278344081e-01
1.310525476567e-01
1.386040960624e-01
1.346085014959e-01
1.641619832495e-01
1.410614097209e-01
1.320139257869e-01
1.310049478005e-01
1.349474990688e-01
1.325795338215e-01
1.222974316881e-01
1.190876855496e-01
1.199115778349e-01
1.389369260190e-01
1.381162087051e-01
1.478796946682e-01
1.177468857808e-01
1.306063147524e-01
1.278283515764e-01
1.386138614603e-01
1.307632177250e-01
1.199889383894e-01
1.423905210395e-01
1.170144161945e-01
1.292106383539e-01
1.595078383574e-01
1.482890807365e-01
1.300709099158e-01
1.429437116697e-01
1.307208893010e-01
1.532217138839e-01
1.488575493091e-01
1.255917165047e-01
1.346984307547e-01
1.460038068401e-01
1.414841702073e-01
1.394541024852e-01
1.152457009964e-01
1.341161806538e-01
1.251900354157e-01
1.280964468977e-01
1.481516594272e-01
1.133615775179e-01
1.507793145238e-01
1.261461884076e-01
1.591409250182e-01
1.398604009265e-01
1.025065367779e-01
1.220769832437e-01
1.310126580743e-01
1.305142010076e-01
9.859522495972e-02
1.405317374082e-01
1.633048250771e-01
1.444745168216e-01
1.241744675051e-01
1.240703924251e-01
1.233965914637e-01
1.372465723219e-01
1.268075802305e-01
1.321647841210e-01
1.546782714771e-01
1.301667717622e-01
1.245169618058e-01
1.118543882086e-01
1.307415707124e-01
1.209836272044e-01
1.590403993509e-01
1.150895762774e-01
1.556400903482e-01
1.545765859205e-01
1.417377929470e-01
1.291090382698e-01
1.525003625924e-01
1.567269418146e-01
1.217837016338e-01
1.245930125658e-01
1.562779596021e-01
1.467584845713e-01
1.266968747258e-01
1.194346878064e-01
1.327249598429e-01
1.201399275635e-01
1.410426341868e-01
1.393788620572e-01
1.457335293553e-01
1.402277417568e-01
1.187927232677e-01
1.410768188531e-01
1.148703979680e-01
1.340694637531e-01
1.359679606541e-01
1.447443687848e-01
1.207585378559e-01
1.473890693180e-01
1.403549339550e-01
1.059579982950e-01
1.502925782134e-01
1.473457781413e-01
1.410225105417e-01
1.205045550302e-01
1.065211358304e-01
1.452299639113e-01
1.371925779596e-01
1.439007997318e-01
1.300853369734e-01
1.469267046192e-01
1.630494158594e-01
1.296116161574e-01
1.637934729039e-01
1.382646926918e-01
1.198630046460e-01
1.567449692068e-01
1.308878481258e-01
1.691421149504e-01
1.400673261952e-01
1.445507923416e-01
1.450834490616e-01
1.288131520452e-01
1.207318217540e-01
1.294410867562e-01
1.454217047949e-01
1.275870790413e-01
1.089690756530e-01
1.159856696981e-01
1.226461208767e-01
1.522824149523e-01
1.383918617065e-01
1.395156759132e-01
1.125976766809e-01
1.335099700514e-01
1.174855257245e-01
1.487832087473e-01
1.139450655365e-01
1.037182732676e-01
1.299609360093e-01
1.313537885297e-01
1.266442530399e-01
1.192342399080e-01
1.271731788694e-01
1.529727648812e-01
1.160550207768e-01
1.097422340176e-01
1.463741694814e-01
1.199629330533e-01
1.481860507570e-01
1.208292910227e-01
1.215314822316e-01
1.211196256334e-01
1.444692912436e-01
1.402831642584e-01
1.345863356932e-01
1.280901301984e-01
1.454103355829e-01
1.272351983867e-01
1.365553844455e-01
1.358185538162e-01
1.198188164390e-01
1.255775773356e-01
1.373500711543e-01
1.246070869942e-01
1.266702419894e-01
1.256378381432e-01
1.368620310136e-01
1.343123283150e-01
1.285688819664e-01
1.143449216595e-01
1.441895820040e-01
1.269323291310e-01
1.470863870373e-01
1.395296143170e-01
1.399173717190e-01
1.356146652291e-01
1.109069989755e-01
1.146874808459e-01
1.529821470666e-01
1.174142284749e-01
1.115337741815e-01
1.284170308819e-01
1.294865185969e-01
1.125334608023e-01
1.493291219641e-01
1.535772195308e-01
1.307232956209e-01
1.468630367588e-01
1.330367994469e-01
1.275815709321e-01
1.314373648430e-01
1.374272635405e-01
1.597130968280e-01
1.592444028938e-01
1.175040163001e-01
1.340022423741e-01
1.217381127589e-01
1.247136670739e-01
1.245600159589e-01
1.432932659898e-01
1.360766383087e-01
1.328526478005e-01
1.278667723224e-01
1.125082829998e-01
1.310300618537e-01
1.385794314418e-01
1.345873535267e-01
1.641327311910e-01
1.410396280558e-01
1.319921511418e-01
1.309839927786e-01
1.349261050176e-01
1.325589475117e-01
1.222783446642e-01
1.190676080168e-01
1.198928666326e-01
1.389144438202e-01
1.380925936319e-01
1.478564698649e-01
1.177281718365e-01
1.305838789452e-01
1.278064586597e-01
1.385906238548e-01
1.307428973301e-01
1.199700830839e-01
1.423676430991e-01
1.169948892734e-01
1.291884058282e-01
1.594825716369e-01
1.482643404977e-01
1.300486110865e-01
1.429208233805e-01
1.307000156186e-01
1.531967868297e-01
1.488312938974e-01
1.255706485854e-01
1.346739118438e-01
1.459790048617e-01
1.414588367063e-01
1.394304989015e-01
1.152264543747e-01
1.340929865507e-01
1.251702438977e-01
1.280739389050e-01
1.481263950772e-01
1.133429359778e-01
1.507525089153e-01
1.261267706052e-01
1.591157273116e-01
1.398379385573e-01
1.024906320030e-01
1.220567661919e-01
1.309909183105e-01
1.304912527330e-01
9.857971995943e-02
1.405100083926e-01
1.632768038732e-01
1.444497856720e-01
1.241548514654e-01
1.240503376460e-01
1.233769692364e-01
1.372245396418e-01
1.267862042377e-01
1.321439046771e-01
1.546525699057e-01
1.301467214121e-01
1.244966507753e-01
1.118368379540e-01
1.307211292923e-01
1.209652066046e-01
1.590133389404e-01
1.150699010966e-01
1.556143944238e-01
1.545500843719e-01
1.417118309783e-01
1.290858933514e-01
1.524759340532e-01
1.567006780040e-01
1.217647844921e-01
1.245708158043e-01
1.562504876105e-01
1.467342304626e-01
1.266742442678e-01
1.194158500650e-01
1.327050723776e-01
1.201183850760e-01
1.410212101520e-01
1.393537487923e-01
1.457079550793e-01
1.402068689420e-01
1.187742286281e-01
1.410547994838e-01
1.148530357400e-01
1.340460684980e-01
1.359475719285e-01
1.447211321037e-01
1.207390626128e-01
1.473659857872e-01
1.403309728675e-01
1.059414669653e-01
1.502659215387e-01
1.473190903202e-01
1.409989664331e-01
1.204854327590e-01
1.065034625546e-01
1.452052055085e-01
1.371703860948e-01
1.438777444599e-01
1.300651592710e-01
1.469018860099e-01
1.630209104807e-01
1.295893197119e-01
1.637674012611e-01
1.382428116292e-01
1.198451266990e-01
1.567203366739e-01
1.308647386170e-01
1.691123158250e-01
1.400453014706e-01
1.445267699591e-01
1.450589990510e-01
1.287933929544e-01
1.207118535584e-01
1.294181644073e-01
1.453969468264e-01
1.275650083021e-01
1.089521515205e-01
1.159676597343e-01
1.226258866359e-01
1.522547975721e-01
1.383677557278e-01
1.394917947598e-01
1.125804061552e-01
1.334874442068e-01
1.174660748826e-01
1.487593098322e-01
1.139253453626e-01
1.037023317867e-01
1.299406639920e-01
1.313332894185e-01
1.266241530655e-01
1.192148934501e-01
1.271512320462e-01
1.529454656397e-01
1.160368005923e-01
1.097249530224e-01
1.463508187397e-01
1.199436379316e-01
1.481622949710e-01
1.208074270306e-01
1.215124118234e-01
1.210997569647e-01
1.444435560820e-01
1.402985443269e-01
1.346024529394e-01
1.281048195446e-01
1.454266200369e-01
1.272499910737e-01
1.365713496176e-01
1.358336996271e-01
1.198329193117e-01
1.255928836567e-01
1.373685503225e-01
1.246221884172e-01
1.266842935006e-01
1.256532834928e-01
1.368785788581e-01
1.343284172038e-01
1.285836925456e-01
1.143575689486e-01
1.442055521007e-01
1.269466285249e-01
1.471038576053e-01
1.395471059415e-01
1.399331475681e-01
1.356310550655e-01
1.109212492942e-01
1.146999007759e-01
1.530021248326e-01
1.174269732759e-01
1.115473445497e-01
1.284327690543e-01
1.295008345834e-01
1.125462049572e-01
1.493481213554e-01
1.535954968272e-01
1.307396480246e-01
1.468809780554e-01
1.330531584296e-01
1.275965389202e-01
1.314521356549e-01
1.374433156778e-01
1.597336648575e-01
1.592656807627e-01
1.175174760831e-01
1.340172765294e-01
1.217529858776e-01
1.247277871529e-01
1.245751488666e-01
1.433107923451e-01
1.360944619921e-01
1.328673638219e-01
1.278815364590e-01
1.125221566045e-01
1.310466031566e-01
1.385974228306e-01
1.346028073488e-01
1.641550609748e-01
1.410551402926e-01
1.320076049787e-01
1.309989677650e-01
1.349417905258e-01
1.325741613370e-01
1.222915810213e-01
1.190823134773e-01
1.199063673105e-01
1.389310085153e-01
1.381098217626e-01
1.478731520844e-01
1.177416369232e-01
1.306000756723e-01
1.278218922970e-01
1.386076044932e-01
1.307575828656e-01
1.199838037826e-01
1.423846097866e-01
1.170092487019e-01
1.292042651814e-01
1.595016795921e-01
1.482827930964e-01
1.300652629592e-01
1.429372873996e-01
1.307153193576e-01
1.532157772859e-01
1.488511919883e-01
1.255858593984e-01
1.346917403392e-01
1.459976653899e-01
1.414778145701e-01
1.394477908210e-01
1.152402212965e-01
1.341095392839e-01
1.251840598801e-01
1.280899946680e-01
1.481446954931e-01
1.133557822519e-01
1.507728748977e-01
1.261410110034e-01
1.591347906777e-01
1.398540022620e-01
1.025017048001e-01
1.220714560289e-01
1.310067797836e-01
1.305085715585e-01
9.859070355885e-02
1.405255663852e-01
1.632977507217e-01
1.444685252202e-01
1.241694114290e-01
1.240644490316e-01
1.233908767396e-01
1.372407537757e-01
1.268020505526e-01
1.321595204344e-01
1.546722514250e-01
1.301612567073e-01
1.245111065647e-01
1.118496663663e-01
1.307360758629e-01
1.209786651820e-01
1.590331181362e-01
1.150840615975e-01
1.556338537174e-01
1.545692986304e-01
1.417306489666e-01
1.291023314648e-01
1.524935224834e-01
1.567201897990e-01
1.217778886621e-01
1.245871149432e-01
1.562716901029e-01
1.467521274125e-01
1.266912070974e-01
1.194292928535e-01
1.327197994866e-01
1.201338558375e-01
1.410369017203e-01
1.393726482142e-01
1.457269808028e-01
1.402224252850e-01
1.187872677892e-01
1.410707522144e-01
1.148657149918e-01
1.340636525329e-01
1.359630072931e-01
1.447381234630e-01
1.207528651866e-01
1.473822322114e-01
1.403484526235e-01
1.059529088735e-01
1.502859346845e-01
1.473388211066e-01
1.410160728790e-01
1.204987088567e-01
1.065159171055e-01
1.452237596478e-01
1.371868799197e-01
1.438945110679e-01
1.300802517799e-01
1.469205179936e-01
1.630426226958e-01
1.296051465855e-01
1.637870427927e-01
1.382591811077e-01
1.198582201997e-01
1.567388029708e-01
1.308818092581e-01
1.691351033956e-01
1.400616702718e-01
1.445442528936e-01
1.450766750278e-01
1.288075176562e-01
1.207264118314e-01
1.294352885894e-01
1.454158914882e-01
1.275809936574e-01
1.089638840875e-01
1.159801495449e-01
1.226403030498e-01
1.522753828701e-01
1.383852968797e-01
1.395092982720e-01
1.125926972365e-01
1.335046492984e-01
1.174803818929e-01
1.487772591451e-01
1.139397793199e-01
1.037134867621e-01
1.299553390798e-01
1.313479547544e-01
1.266381997254e-01
1.192294402401e-01
1.271672993819e-01
1.529658382941e-01
1.160498831858e-01
1.097375209821e-01
1.463675537318e-01
1.199570955087e-01
1.481802945954e-01
1.208232115462e-01
1.215262850386e-01
1.211137188917e-01
1.444631644643e-01
1.402820303030e-01
1.345864293536e-01
1.280893871620e-01
1.454087871941e-01
1.272344337659e-01
1.365547379409e-01
1.358195521212e-01
1.198181979638e-01
1.255797461741e-01
1.373515825139e-01
1.246088790156e-01
1.266689950591e-01
1.256385631868e-01
1.368634126192e-01
1.343129113537e-01
1.285699313325e-01
1.143449733625e-01
1.441879726122e-01
1.269321898456e-01
1.470872267272e-01
1.395315579900e-01
1.399168462024e-01
1.356166625542e-01
1.109088656535e-01
1.146869189745e-01
1.529833797948e-01
1.174142810837e-01
1.115332020766e-01
1.284184414257e-01
1.294860748549e-01
1.125319308527e-01
1.493313056855e-01
1.535790922216e-01
1.307241781443e-01
1.468633743308e-01
1.330382890932e-01
1.275818170555e-01
1.314381278409e-01
1.374279718888e-01
1.597156330855e-01
1.592465170848e-01
1.175037755931e-01
1.340014367219e-01
1.217396716475e-01
1.247140524549e-01
1.245606621894e-01
1.432950619457e-01
1.360791196101e-01
1.328513691950e-01
1.278670598443e-01
1.125096399560e-01
1.310310310723e-01
1.385807964949e-01
1.345868736206e-01
1.641352294192e-01
1.410400368463e-01
1.319913688647e-01
1.309850874002e-01
1.349259911302e-01
1.325598100570e-01
1.222785973682e-01
1.190691450040e-01
1.198919367648e-01
1.389160296342e-01
1.380945721534e-01
1.478559453344e-01
1.177276016189e-01
1.305856207941e-01
1.278074229013e-01
1.385922028818e-01
1.307420788323e-01
1.199710226889e-01
1.423679616402e-01
1.169966465659e-01
1.291900126455e-01
1.594835331306e-01
1.482657625974e-01
1.300507048892e-01
1.429200951199e-01
1.306999823833e-01
1.531985723749e-01
1.488344406235e-01
1.255724240279e-01
1.346756656147e-01
1.459813786309e-01
1.414623605284e-01
1.394324545933e-01
1.152272335853e-01
1.340948998846e-01
1.251693966149e-01
1.280760703189e-01
1.481274487829e-01
1.133426103379e-01
1.507545071765e-01
1.261268206453e-01
1.591157729601e-01
1.398378559440e-01
1.024906570930e-01
1.220578326372e-01
1.309925716671e-01
1.304939648167e-01
9.857984291057e-02
1.405097617935e-01
1.632789263231e-01
1.444521987758e-01
1.241551762357e-01
1.240494927278e-01
1.233764035264e-01
1.372250840013e-01
1.267870911600e-01
1.321455791496e-01
1.546543472194e-01
1.301454666854e-01
1.244964093831e-01
1.118372618312e-01
1.307220905661e-01
1.209660242551e-01
1.590134145261e-01
1.150709135868e-01
1.556162207378e-01
1.545503333748e-01
1.417144866448e-01
1.290880201224e-01
1.524753908714e-01
1.567019113252e-01
1.217646960594e-01
1.245733758792e-01
1.562542855937e-01
1.467347752883e-01
1.266774108849e-01
1.194155193238e-01
1.327061330108e-01
1.201207070440e-01
1.410215604732e-01
1.393565743336e-01
1.457095826507e-01
1.402075458951e-01
1.187738914853e-01
1.410555388047e-01
1.148530778192e-01
1.340476501058e-01
1.359470034986e-01
1.447215231691e-01
1.207396977681e-01
1.473648006026e-01
1.403318978538e-01
1.059407135204e-01
1.502690163997e-01
1.473217187730e-01
1.409985079128e-01
1.204858504837e-01
1.065034122736e-01
1.452072164619e-01
1.371724897054e-01
1.438773435104e-01
1.300655487091e-01
1.469029326053e-01
1.630229225892e-01
1.295893682001e-01
1.637673427642e-01
1.382423957793e-01
1.198449121613e-01
1.567212997835e-01
1.308666828259e-01
1.691145390216e-01
1.400446384903e-01
1.445286329108e-01
1.450593394304e-01
1.287939230654e-01
1.207136115751e-01
1.294202687693e-01
1.453980931311e-01
1.275667832685e-01
1.089515980840e-01
1.159660041076e-01
1.226263695345e-01
1.522570087347e-01
1.383700416157e-01
1.394929882483e-01
1.125796148352e-01
1.334884322420e-01
1.174665870824e-01
1.487593409962e-01
1.139275343599e-01
1.037018723707e-01
1.299404887911e-01
1.313329646451e-01
1.266239689935e-01
1.192159614104e-01
1.271524346226e-01
1.529475910032e-01
1.160368681544e-01
1.097254996366e-01
1.463499634623e-01
1.199443086490e-01
1.481639659143e-01
1.208098983943e-01
1.215135545698e-01
1.210992888995e-01
1.444470483614e-01
1.402982770959e-01
1.346021781286e-01
1.281045904044e-01
1.454263364280e-01
1.272497627262e-01
1.365710787204e-01
1.358334376137e-01
1.198327127451e-01
1.255926542993e-01
1.373683097238e-01
1.246219789681e-01
1.266840678341e-01
1.256530727046e-01
1.368783240175e-01
1.343281384006e-01
1.285834651772e-01
1.143573649103e-01
1.442052587967e-01
1.269464166701e-01
1.471035650334e-01
1.395468100101e-01
1.399328801964e-01
1.356308058868e-01
1.109210785404e-01
1.146997148431e-01
1.530018306090e-01
1.174267709553e-01
1.115471731401e-01
1.284325292741e-01
1.295006003505e-01
1.125460290431e-01
1.493478160725e-01
1.535951591329e-01
1.307394096999e-01
1.468806869101e-01
1.330528810849e-01
1.275963008912e-01
1.314518677953e-01
1.374430503264e-01
1.597333171959e-01
1.592653174767e-01
1.175172723806e-01
1.340170456254e-01
1.217527577645e-01
1.247275640230e-01
1.245749317718e-01
1.433104779193e-01
1.360942092666e-01
1.328671289039e-01
1.278813184359e-01
1.125219793991e-01
1.310463774360e-01
1.385971896446e-01
1.346025528363e-01
1.641547187437e-01
1.410548469378e-01
1.320073846615e-01
1.309987046612e-01
1.349415312745e-01
1.325738892157e-01
1.222913392792e-01
1.190821004115e-01
1.199061486983e-01
1.389307331759e-01
1.381095335863e-01
1.478728478447e-01
1.177414494595e-01
1.305998149035e-01
1.278216721151e-01
1.386073506515e-01
1.307573397547e-01
1.199835922354e-01
1.423843343426e-01
1.170090531936e-01
1.292040418923e-01
1.595013287729e-01
1.482824804881e-01
1.300650393954e-01
1.429369949434e-01
1.307150861091e-01
1.532154410153e-01
1.488508845166e-01
1.255856215752e-01
1.346915077951e-01
1.459973672399e-01
1.414775567790e-01
1.394475170932e-01
1.152400429539e-01
1.341092683669e-01
1.251838528948e-01
1.280897585418e-01
1.481443892599e-01
1.133556019446e-01
1.507725509282e-01
1.261407757747e-01
1.591344613818e-01
1.398537189158e-01
1.025015398915e-01
1.220712360300e-01
1.310065270783e-01
1.305083376738e-01
9.859055975028e-02
1.405252661519e-01
1.632974047037e-01
1.444682480045e-01
1.241692001180e-01
1.240642221293e-01
1.233906783876e-01
1.372405123790e-01
1.268018193762e-01
1.321592801343e-01
1.546719248122e-01
1.301610327870e-01
1.245108988771e-01
1.118494888515e-01
1.307358399187e-01
1.209784469322e-01
1.590327818845e-01
1.150838630729e-01
1.556335254451e-01
1.545689947367e-01
1.417303886708e-01
1.291020825266e-01
1.524932022068e-01
1.567198574048e-01
1.217776609597e-01
1.245868906889e-01
1.562713700832e-01
1.467518431576e-01
1.266909698924e-01
1.194290841377e-01
1.327195408306e-01
1.201336556020e-01
1.410365991520e-01
1.393723641460e-01
1.457266990890e-01
1.402221375281e-01
1.187870573022e-01
1.410704576956e-01
1.148655213572e-01
1.340634201824e-01
1.359627644223e-01
1.447378266770e-01
1.207526588199e-01
1.473819240906e-01
1.403481727455e-01
1.059527424649e-01
1.502856325165e-01
1.473385253356e-01
1.410157967259e-01
1.204984741714e-01
1.065157505221e-01
1.452234695584e-01
1.371866111290e-01
1.438942296004e-01
1.300799974266e-01
1.469202241512e-01
1.630422632053e-01
1.296049242310e-01
1.637866766454e-01
1.382589254391e-01
1.198580211221e-01
1.567384542843e-01
1.308815767982e-01
1.691347415490e-01
1.400614124192e-01
1.445439573482e-01
1.450763775833e-01
1.288072715718e-01
1.207262062739e-01
1.294350464997e-01
1.454155860025e-01
1.275807647553e-01
1.089636988607e-01
1.159799688122e-01
1.226400919660e-01
1.522750659828e-01
1.383850179475e-01
1.395090265914e-01
1.125925113493e-01
1.335044084154e-01
1.174801907213e-01
1.487769479497e-01
1.139395884996e-01
1.037133246119e-01
1.299550850518e-01
1.313477244360e-01
1.266379808219e-01
1.192292310405e-01
1.271670893806e-01
1.529655404075e-01
1.160496719465e-01
1.097373361124e-01
1.463672456608e-01
1.199568880955e-01
1.481799916574e-01
1.208229979623e-01
1.215260458052e-01
1.211134986335e-01
1.444628723181e-01
1.402983218010e-01
1.346022194596e-01
1.281046351781e-01
1.454263783502e-01
1.272497952117e-01
1.365711244851e-01
1.358334760451e-01
1.198327443301e-01
1.255926935421e-01
1.373683546295e-01
1.246220165973e-01
1.266841037566e-01
1.256531051896e-01
1.368783668423e-01
1.343281735426e-01
1.285835000271e-01
1.143573960907e-01
1.442052980361e-01
1.269464605336e-01
1.471036083781e-01
1.395468501435e-01
1.399329248464e-01
1.356308463895e-01
1.109211065845e-01
1.146997510509e-01
1.530018752189e-01
1.174268085516e-01
1.115472055368e-01
1.284325674701e-01
1.295006447389e-01
1.125460548712e-01
1.493478595906e-01
1.535952074931e-01
1.307394544651e-01
1.468807382757e-01
1.330529215857e-01
1.275963388117e-01
1.314519029320e-01
1.374430934627e-01
1.597333647803e-01
1.592653725600e-01
1.175173052115e-01
1.340170807802e-01
1.217527906581e-01
1.247275973959e-01
1.245749634241e-01
1.433105296293e-01
1.360942469747e-01
1.328671689527e-01
1.278813602448e-01
1.125220123467e-01
1.310464126416e-01
1.385972364323e-01
1.346025970683e-01
1.641547733819e-01
1.410548923357e-01
1.320074238213e-01
1.309987481038e-01
1.349415791052e-01
1.325739300518e-01
1.222913828117e-01
1.190821389199e-01
1.199061771244e-01
1.389307745972e-01
1.381095763784e-01
1.478728949169e-01
1.177414819371e-01
1.305998523627e-01
1.278217128930e-01
1.386073923746e-01
1.307573799531e-01
1.199836288587e-01
1.423843816229e-01
1.170090939346e-01
1.292040859605e-01
1.595013865247e-01
1.482825290472e-01
1.300650765152e-01
1.429370340275e-01
1.307151187580e-01
1.532154842789e-01
1.488509240558e-01
1.255856618605e-01
1.346915524591e-01
1.459974120641e-01
1.414775961374e-01
1.394475660729e-01
1.152400667277e-01
1.341093108038e-01
1.251838852668e-01
1.280897967606e-01
1.481444420985e-01
1.133556395776e-01
1.507726025148e-01
1.261408131264e-01
1.591345154443e-01
1.398537603226e-01
1.025015673907e-01
1.220712680083e-01
1.310065699404e-01
1.305083720636e-01
9.859058305741e-02
1.405253087255e-01
1.632974490468e-01
1.444682875276e-01
1.241692431797e-01
1.240642538405e-01
1.233907146706e-01
1.372405599563e-01
1.268018529442e-01
1.321593181483e-01
1.546719678606e-01
1.301610669920e-01
1.245109347278e-01
1.118495211807e-01
1.307358796630e-01
1.209784844891e-01
1.590328269547e-01
1.150839013922e-01
1.556335830407e-01
1.545690459937e-01
1.417304267335e-01
1.291021249998e-01
1.524932458738e-01
1.567199078464e-01
1.217776976782e-01
1.245869316847e-01
1.562714231482e-01
1.467518971364e-01
1.266910132536e-01
1.194291229730e-01
1.327195885547e-01
1.201336896385e-01
1.410366421820e-01
1.393724035545e-01
1.457267507505e-01
1.402221743459e-01
1.187870909225e-01
1.410704956839e-01
1.148655517926e-01
1.340634541057e-01
1.359627962981e-01
1.447378756218e-01
1.207526918642e-01
1.473819715473e-01
1.403482227419e-01
1.059527699140e-01
1.502856780004e-01
1.473385736753e-01
1.410158429356e-01
1.204985114637e-01
1.065157783743e-01
1.452235132968e-01
1.371866543534e-01
1.438942775023e-01
1.300800328560e-01
1.469202693863e-01
1.630423223879e-01
1.296049592528e-01
1.637867310713e-01
1.382589581388e-01
1.198580550237e-01
1.567385090138e-01
1.308816159227e-01
1.691348028350e-01
1.400614567553e-01
1.445440058124e-01
1.450764280569e-01
1.288073060693e-01
1.207262424986e-01
1.294350860390e-01
1.454156241134e-01
1.275807987122e-01
1.089637264622e-01
1.159799967424e-01
1.226401342852e-01
1.522751092555e-01
1.383850635791e-01
1.395090721876e-01
1.125925374231e-01
1.335044518330e-01
1.174802217633e-01
1.487769896436e-01
1.139396211266e-01
1.037133537702e-01
1.299551193045e-01
1.313477648676e-01
1.266380155218e-01
1.192292605134e-01
1.271671279633e-01
1.529655888680e-01
1.160497101422e-01
1.097373724960e-01
1.463672881825e-01
1.199569299261e-01
1.481800374805e-01
1.208230328754e-01
1.215260840345e-01
1.211135277938e-01
1.444629136223e-01
