01 -20758.839 20776.462
02 -13320.513 13300.231
03 -18299.322 18317.379
04 -2112.371 4150.839
05 -14817.381 14744.099
06 -13789.404 13800.018
07 -22740.564 22747.596
08 -22134.052 22138.787
09 -14368.735 14350.266
10 -17645.982 17631.608
11 -20788.924 20806.159
12 -17594.566 17624.684
13 -14281.278 14318.046
14 -17171.02 17178.29
15 -12947.149 12885.818
16 -16201.696 16144.815
17 -14762.5 14730.904
18 -23279.48 23271.502
19 -17900.178 17908.825
20 -16738.01 16756.508
21 -17661.058 17592.814
22 -17140.406 17157.193
23 -20909.286 20928.801
24 -16459.788 16446.659
25 -23410.619 23417.337
26 -14827.23 14876.503
27 -20914.96 20922.319
28 -20073.856 20071.939
29 -10001.712 10010.475
30 -15044.839 15021.073
31 -14273.225 14230.65
32 -11941.936 11949.751
33 -13593.112 13578.934
34 -11553.872 11554.928
35 -14164.09 14141.174
36 -14845.674 14779.319
37 -16793.774 16793.161
38 -12147.367 12126.78
39 -19708.111 19739.823
40 -20778.698 20725.497
