01 -20623.886 20604.848
02 -23096.552 23084.025
03 -22345.629 22323.972
04 -15891.543 15887.309
05 -14009.768 13953.866
06 -11865.647 11864.67
07 -15432.658 15401.382
08 -16678.058 16647.067
09 -16096.783 16047.996
10 -16552.497 16544.486
11 -14919.272 14879.817
12 -13340.843 13389.018
13 -11165.197 11123.093
14 -14273.29 14246.097
15 -15919.353 15937.219
16 -23425.994 23405.379
17 -15898.813 15954.726
18 -19795.849 19811.353
19 -15577.955 15554.328
20 -19099.576 19050.309
21 -19133.333 19162.315
22 -18253.316 18242.009
23 -14746.315 14692.448
24 -22648.41 22688.006
25 -17720.238 17731.261
26 -19040.548 18974.602
27 -18643.56 18655.115
28 -12423.109 12369.594
29 -19463.635 19501.449
30 -19139.036 19143.997
31 -18309.63 18308.353
32 -16012.248 15980.19
33 -23974.021 23946.283
34 -16269.372 16269.991
35 -10804.578 10829.845
36 -17907.42 17907.575
37 -12204.217 12179.302
38 -12168.772 12217.78
39 -22723.911 22718.492
40 -19187.842 19207.415
