   1.5870600e+01
   9.7557000e+00
   1.4026200e+01
   1.1194300e+01
   1.0370300e+01
   1.7871200e+01
   1.7356100e+01
   1.0782100e+01
   1.3632800e+01
   1.5923300e+01
   1.3173300e+01
   1.0515800e+01
   1.2883100e+01
   9.8330000e+00
   1.2556500e+01
   1.1009300e+01
   1.8062300e+01
   1.3303500e+01
   1.2995500e+01
   1.3840700e+01
   1.3449000e+01
   1.6149800e+01
   1.2357500e+01
   1.8206300e+01
   1.1702600e+01
   1.6180800e+01
   1.6038600e+01
   7.9653000e+00
   1.1126800e+01
   1.0387400e+01
   8.8291000e+00
   1.0805800e+01
   9.1508000e+00
   1.0492100e+01
   1.1157600e+01
   1.2879800e+01
   9.0712000e+00
   1.5041900e+01
   1.6165700e+01
   1.5913600e+01
   1.7653600e+01
   1.7258500e+01
   1.1842200e+01
   1.0479900e+01
   8.6346000e+00
   1.1565100e+01
   1.2392700e+01
   1.2363400e+01
   1.2748300e+01
   1.1361100e+01
   1.0016500e+01
   8.1404000e+00
   1.1391100e+01
   1.1985400e+01
   1.7856900e+01
   1.2650200e+01
   1.5054200e+01
   1.1665600e+01
   1.4622500e+01
   1.4739600e+01
   1.4384500e+01
   1.0770400e+01
   1.7260900e+01
   1.3947300e+01
   1.4845400e+01
   1.4399300e+01
   9.0452000e+00
   1.4683700e+01
   1.4701100e+01
   1.3742700e+01
   1.2241600e+01
   1.8638300e+01
   1.2014100e+01
   7.9029000e+00
   1.3496100e+01
   8.9446000e+00
   9.0108000e+00
   1.7977300e+01
   1.4485100e+01
