   1.5870600e+01
   9.7557000e+00
   1.4026200e+01
   1.1194300e+01
   1.0370300e+01
   1.7871200e+01
   1.7356100e+01
   1.0782100e+01
   1.3632800e+01
   1.5923300e+01
   1.3173300e+01
   1.0515800e+01
   1.2883100e+01
   9.8330000e+00
   1.2556500e+01
   1.1009300e+01
   1.8062300e+01
   1.3303500e+01
   1.2995500e+01
   1.3840700e+01
   1.3449000e+01
   1.6149800e+01
   1.2357500e+01
   1.8206300e+01
   1.1702600e+01
   1.6180800e+01
   1.6038600e+01
   7.9653000e+00
   1.1126800e+01
   1.0387400e+01
   8.8291000e+00
   1.0805800e+01
   9.1508000e+00
   1.0492100e+01
   1.1157600e+01
   1.2879800e+01
   9.0712000e+00
   1.5041900e+01
   1.6165700e+01
