    7.43209431     0.60222456     4.00000000     0.05475862     1.83800792    19.81883127     1.15101690
    6.37385906     0.60222456     4.00000000     0.08192870     1.80484799    22.06048391     1.08901384
    7.23798843     0.60222456     4.00000000     0.01989475     1.83522119    19.34889425     1.08736436
    7.40034767     0.60222456     4.00000000     0.08568503     1.71439764    22.02733361     1.18874520
    7.04745130     0.60222456     4.00000000     0.03516526     1.72831367    20.87309823     1.25876738
    6.66154397     0.60222456     4.00000000     0.07546477     1.62914392    21.41267382     1.21375090
    6.62385171     0.60222456     4.00000000     0.02959617     1.72910252    19.52000481     1.17242726
    7.41688146     0.60222456     4.00000000     0.08839365     1.70714732    19.67294625     1.12033747
    6.58303192     0.60222456     4.00000000     0.03255116     1.82072815    21.60930293     1.28118272
    6.46915195     0.60222456     4.00000000     0.01650159     1.82358253    19.10423763     1.22377243
    7.31089717     0.60222456     4.00000000     0.03925292     1.79104761    19.94417253     1.26785156
    7.68880066     0.60222456     4.00000000     0.00934604     1.72540727    21.17811577     1.28364220
    6.35016735     0.60222456     4.00000000     0.08211057     1.64313038    19.85244804     1.22475911
    7.06674629     0.60222456     4.00000000     0.01511520     1.97237489    20.50192845     1.26745455
    7.49032409     0.60222456     4.00000000     0.03841144     1.74229482    22.77337770     1.22777685
    7.20820805     0.60222456     4.00000000     0.09442607     1.79821751    22.78649887     1.08507965
    7.36221159     0.60222456     4.00000000     0.09876255     1.97174906    21.28034968     1.26011151
    6.75612000     0.60222456     4.00000000     0.04563045     1.77867858    21.14057772     1.12225011
    7.63858071     0.60222456     4.00000000     0.08261228     1.73457821    18.96241210     1.19004341
    7.35208909     0.60222456     4.00000000     0.02513741     1.80712691    23.00717691     1.20314945
    7.10954006     0.60222456     4.00000000     0.05973716     1.82812911    21.30672140     1.19616501
    6.54504780     0.60222456     4.00000000     0.09028318     1.92741615    22.22537938     1.28265259
    6.87097799     0.60222456     4.00000000     0.05345579     1.64451502    21.25854091     1.12195533
    7.29506922     0.60222456     4.00000000     0.05902014     1.78723109    22.58480801     1.08351237
    6.96754621     0.60222456     4.00000000     0.00392818     1.90150168    21.35362248     1.28370338
    6.95652186     0.60222456     4.00000000     0.03571818     1.87869701    21.87716927     1.25824190
    7.21559727     0.60222456     4.00000000     0.00796131     1.83096791    19.52384050     1.18960741
    7.06808003     0.60222456     4.00000000     0.03054599     1.63335399    20.69949310     1.18005562
    7.26160296     0.60222456     4.00000000     0.03307193     1.74623630    21.81433828     1.10801508
    7.19201223     0.60222456     4.00000000     0.07738303     1.82274865    19.33940293     1.16128299
    7.47989390     0.60222456     4.00000000     0.00399592     1.72790275    20.74634200     1.10271817
    7.08007684     0.60222456     4.00000000     0.04294922     1.80444030    19.59804902     1.25179941
    7.62571493     0.60222456     4.00000000     0.03149269     1.86244809    21.02931024     1.09850050
    6.79469520     0.60222456     4.00000000     0.06364911     1.67730974    22.33995063     1.12942806
    6.47214030     0.60222456     4.00000000     0.03463472     1.63817196    19.27844829     1.21770630
    6.76856104     0.60222456     4.00000000     0.00430974     1.74161372    22.26028875     1.15051957
    6.50530848     0.60222456     4.00000000     0.08799152     1.65890296    21.27353069     1.23737442
    7.51296778     0.60222456     4.00000000     0.07632406     1.68440501    21.37526039     1.27285640
    6.41072030     0.60222456     4.00000000     0.08780966     1.93889775    19.73202276     1.16429124
    7.22760995     0.60222456     4.00000000     0.04175091     1.75153139    20.73169667     1.10242569
