    7.11075339     0.60222456     4.00000000     0.07424797     1.80313160    21.00149477     1.12996974
    6.73707678     0.60222456     4.00000000     0.06301839     1.65184566    21.90749816     1.18830207
    6.94313278     0.60222456     4.00000000     0.05818422     1.81009268    21.10901493     1.19804230
    6.35125382     0.60222456     4.00000000     0.02100266     1.76221294    20.55774120     1.25504651
    6.51600232     0.60222456     4.00000000     0.05446849     1.74081472    20.96710127     1.26482155
    7.29029733     0.60222456     4.00000000     0.07691152     1.90996219    20.59209739     1.17010542
    7.50897974     0.60222456     4.00000000     0.02506952     1.89156564    20.38805286     1.16249749
    6.53734481     0.60222456     4.00000000     0.02858957     1.73270392    21.00258014     1.23720845
    7.15543121     0.60222456     4.00000000     0.08523951     1.84825321    20.76974184     1.25064912
    7.60128550     0.60222456     4.00000000     0.09750065     1.81454565    19.27981771     1.10724902
    6.63955708     0.60222456     4.00000000     0.08848533     1.72684575    20.04896426     1.11192689
    6.60589699     0.60222456     4.00000000     0.03595078     1.65988364    22.86260381     1.18944937
    6.49740245     0.60222456     4.00000000     0.05988589     1.73255051    19.01148749     1.11833670
    6.65435462     0.60222456     4.00000000     0.03547956     1.78451249    19.06799450     1.31079406
    7.72437334     0.60222456     4.00000000     0.03401902     1.85721843    20.08918951     1.28102778
    7.48900186     0.60222456     4.00000000     0.01780810     1.71153271    21.34584551     1.20483856
    6.58702222     0.60222456     4.00000000     0.02376942     1.85079645    23.06174977     1.13238534
    7.49540511     0.60222456     4.00000000     0.00448623     1.69204450    23.06909740     1.11238049
    6.73102031     0.60222456     4.00000000     0.05054314     1.85674493    23.07109296     1.31497688
    6.95326524     0.60222456     4.00000000     0.03762525     1.90018412    19.36220299     1.24969044
    7.66995927     0.60222456     4.00000000     0.05928054     1.90065542    21.69082207     1.28639413
    7.49741371     0.60222456     4.00000000     0.06299419     1.83971814    21.10074470     1.17292143
    6.81848867     0.60222456     4.00000000     0.01426003     1.73124013    19.62722962     1.14020016
    6.59191382     0.60222456     4.00000000     0.09338413     1.87118457    22.86043303     1.15186512
    6.87026075     0.60222456     4.00000000     0.09463799     1.92946259    19.91581236     1.28565493
    6.35262094     0.60222456     4.00000000     0.06022967     1.84511655    23.09551553     1.19351616
    6.70049941     0.60222456     4.00000000     0.03877663     1.97366682    21.34731402     1.23918649
    7.46641418     0.60222456     4.00000000     0.03631880     1.97154005    19.66977180     1.27337487
    6.36610880     0.60222456     4.00000000     0.02043453     1.68000989    20.52475077     1.14071532
    7.18891667     0.60222456     4.00000000     0.02767651     1.62834413    19.69662882     1.09909763
    7.19591146     0.60222456     4.00000000     0.02465359     1.67786804    20.62523683     1.25586255
    6.49284955     0.60222456     4.00000000     0.01736080     1.95245886    21.39765629     1.31073539
    6.88310701     0.60222456     4.00000000     0.09666097     1.96327795    21.90966159     1.30891314
    6.39602865     0.60222456     4.00000000     0.09570126     1.69595223    20.94494423     1.19771977
    7.60000193     0.60222456     4.00000000     0.05979737     1.74978909    20.20027723     1.23172610
    7.72761201     0.60222456     4.00000000     0.07313008     1.81777509    21.32525377     1.25591880
    6.42911353     0.60222456     4.00000000     0.03403852     1.71785911    20.75517284     1.29657828
    7.60019140     0.60222456     4.00000000     0.00920556     1.78581658    20.41064803     1.11893926
    7.15798057     0.60222456     4.00000000     0.04634980     1.87061816    20.24959411     1.17741152
