    7.17381289     0.60222456     4.00000000     0.06268534     1.63733665    23.08572359     1.17832058
    7.61029734     0.60222456     4.00000000     0.05574498     1.87038023    18.94028964     1.14134337
    7.60157986     0.60222456     4.00000000     0.03185796     1.72773788    19.89780823     1.22833585
    7.49485909     0.60222456     4.00000000     0.03948432     1.67962880    20.84008408     1.29480347
    6.39520178     0.60222456     4.00000000     0.02579746     1.73961070    22.11408712     1.24020057
    7.31991745     0.60222456     4.00000000     0.05822411     1.67955759    22.98451392     1.21820481
    6.87850717     0.60222456     4.00000000     0.01616287     1.94926967    22.74697739     1.23569292
    7.07565507     0.60222456     4.00000000     0.05981338     1.72224900    21.36727648     1.31065842
    7.27225383     0.60222456     4.00000000     0.08258236     1.65873862    20.76637638     1.28744862
    6.61791225     0.60222456     4.00000000     0.01563917     1.66212064    20.75251895     1.26785491
    6.72854261     0.60222456     4.00000000     0.07343005     1.89198850    21.81476376     1.15466480
    7.35777124     0.60222456     4.00000000     0.04086434     1.92200200    21.95189209     1.14525933
    7.44856625     0.60222456     4.00000000     0.07786879     1.63279333    21.98587758     1.30977133
    7.54348716     0.60222456     4.00000000     0.08039706     1.66371976    20.51372622     1.20394624
    7.43762715     0.60222456     4.00000000     0.07860714     1.94076290    22.87066283     1.18018213
    6.39629407     0.60222456     4.00000000     0.05922870     1.80543320    22.23341091     1.23332714
    6.50912846     0.60222456     4.00000000     0.06644892     1.95279084    19.98282159     1.24548657
    7.40383976     0.60222456     4.00000000     0.06465673     1.82924735    21.57324516     1.26443676
    6.68187710     0.60222456     4.00000000     0.04256365     1.89837230    22.44959020     1.18628510
    6.70385452     0.60222456     4.00000000     0.05135683     1.77216368    18.93265562     1.30831548
    7.55377654     0.60222456     4.00000000     0.05012578     1.91716731    19.22355235     1.20786991
    7.68370479     0.60222456     4.00000000     0.00370838     1.75874564    23.05558558     1.15525473
    7.13652927     0.60222456     4.00000000     0.07081161     1.74756455    22.22205305     1.12884530
    6.59666532     0.60222456     4.00000000     0.06204306     1.77410827    21.99492700     1.31648343
    7.43058752     0.60222456     4.00000000     0.07778085     1.76222347    22.53883735     1.19228141
    7.03881422     0.60222456     4.00000000     0.04594095     1.92406670    19.86916731     1.24870301
    7.23461145     0.60222456     4.00000000     0.03798056     1.75457657    19.34310945     1.11710498
    7.52821822     0.60222456     4.00000000     0.02918922     1.75376915    22.02032813     1.25543985
    6.99462528     0.60222456     4.00000000     0.05572289     1.76973946    20.89565664     1.23854065
    7.04665196     0.60222456     4.00000000     0.00841636     1.77283601    22.09054190     1.25674288
    7.30251003     0.60222456     4.00000000     0.06312817     1.85860974    20.94117116     1.29760543
    7.26215103     0.60222456     4.00000000     0.09445705     1.68831933    20.05892192     1.27039592
    6.72357808     0.60222456     4.00000000     0.08912375     1.88009231    20.50349014     1.17479274
    6.43952245     0.60222456     4.00000000     0.08785826     1.71131795    21.74004587     1.30131737
    7.43226983     0.60222456     4.00000000     0.03447516     1.96656269    21.99317833     1.08982688
    7.02274559     0.60222456     4.00000000     0.07031005     1.66775805    22.97653972     1.27064211
    6.80875247     0.60222456     4.00000000     0.05273376     1.91044681    21.76172342     1.28111320
    7.06455922     0.60222456     4.00000000     0.06593170     1.74779836    20.95989840     1.21006241
    6.71629390     0.60222456     4.00000000     0.02682906     1.65046979    19.43929362     1.23128933
    6.78239438     0.60222456     4.00000000     0.06077671     1.88322076    21.01608991     1.31339614
