    7.11075339     0.59399867     4.19398375     0.03762525     1.80313160    22.16881470     1.20008542
    6.73707678     0.65522391     4.10414715     0.05928054     1.65184566    22.17431327     1.25185704
    6.94313278     0.64048381     4.06547375     0.06299419     1.81009268    21.46337824     1.20622942
    7.53566003     0.58248508     3.61635131     0.01426003     1.97717689    20.19780146     1.08033577
    6.35125382     0.56312940     3.76802126     0.09338413     1.76221294    21.83048661     1.17472807
    6.51600232     0.58690783     4.03574790     0.09463799     1.74081472    22.51039684     1.19812007
    7.29029733     0.54268725     4.21529214     0.06022967     1.90996219    21.52635978     1.17669128
    7.50897974     0.57240557     3.80055618     0.03877663     1.89156564    23.02611288     1.16503159
    6.53734481     0.63783560     3.82871655     0.03631880     1.73270392    23.00130053     1.20014744
    7.15543121     0.54383949     4.28191607     0.02043453     1.84825321    19.60011535     1.18684239
    7.60128550     0.61412974     4.38000519     0.02767651     1.81454565    18.99734817     1.10170387
    6.63955708     0.61472729     4.30788263     0.02465359     1.72684575    19.57512710     1.14565510
    6.60589699     0.55466661     3.88760628     0.01736080     1.65988364    22.77868667     1.30643450
    6.49740245     0.58800525     4.07908716     0.09666097     1.73255051    22.90490937     1.08637071
    6.65435462     0.54639546     3.88383649     0.09570126     1.78451249    19.78610936     1.08959969
    7.72437334     0.60760662     4.07837895     0.08596183     1.72193053    22.13437705     1.23172610
    7.48900186     0.63463811     4.18504060     0.06253238     1.82964390    20.47684484     1.25591880
    6.58702222     0.57219707     3.87230818     0.09824078     1.97672141    20.34370605     1.29657828
    7.49540511     0.57643678     3.67364448     0.09765001     1.97735121    21.65114787     1.11893926
    6.73102031     0.64466875     3.97079842     0.01666941     1.97752225    21.88635957     1.17741152
    6.95326524     0.65943667     4.00695911     0.00231781     1.65961740    19.37685782     1.18010178
    7.66995927     0.64857818     3.67076814     0.01607445     1.85921332    19.45872050     1.24694185
    7.49741371     0.58530299     4.02242818     0.09234968     1.80863526    20.81536404     1.18196334
    6.81848867     0.61413162     4.39372643     0.09535498     1.68233397    19.57089217     1.28594741
    6.59191382     0.58473543     3.91602875     0.02109784     1.95946569    22.93889600     1.28326380
    7.43209431     0.63898714     4.07789732     0.04751322     1.69875697    20.74634200     1.19616501
    6.37385906     0.60483185     4.32226541     0.02927980     1.89089862    19.59804902     1.28265259
    7.23798843     0.65144424     4.02764636     0.00642511     1.65847665    21.02931024     1.12195533
    7.40034767     0.58045247     4.07216109     0.09788191     1.88805717    22.33995063     1.08351237
    7.04745130     0.55289747     3.63142541     0.03397078     1.78912271    19.27844829     1.28370338
    7.11076749     0.59399867     4.19398375     0.03762525     1.80313160    22.16881470     1.20008542
    6.73709088     0.65522391     4.10414715     0.05928054     1.65184566    22.17431327     1.25185704
    6.94314688     0.64048381     4.06547375     0.06299419     1.81009268    21.46337824     1.20622942
    7.53567413     0.58248508     3.61635131     0.01426003     1.97717689    20.19780146     1.08033577
    6.35126792     0.56312940     3.76802126     0.09338413     1.76221294    21.83048661     1.17472807
    6.51601642     0.58690783     4.03574790     0.09463799     1.74081472    22.51039684     1.19812007
    7.29031143     0.54268725     4.21529214     0.06022967     1.90996219    21.52635978     1.17669128
    7.50899384     0.57240557     3.80055618     0.03877663     1.89156564    23.02611288     1.16503159
    6.53735891     0.63783560     3.82871655     0.03631880     1.73270392    23.00130053     1.20014744
    7.15544531     0.54383949     4.28191607     0.02043453     1.84825321    19.60011535     1.18684239
    7.60129960     0.61412974     4.38000519     0.02767651     1.81454565    18.99734817     1.10170387
    6.63957118     0.61472729     4.30788263     0.02465359     1.72684575    19.57512710     1.14565510
    6.60591109     0.55466661     3.88760628     0.01736080     1.65988364    22.77868667     1.30643450
    6.49741655     0.58800525     4.07908716     0.09666097     1.73255051    22.90490937     1.08637071
    6.65436872     0.54639546     3.88383649     0.09570126     1.78451249    19.78610936     1.08959969
    7.72438744     0.60760662     4.07837895     0.08596183     1.72193053    22.13437705     1.23172610
    7.48901596     0.63463811     4.18504060     0.06253238     1.82964390    20.47684484     1.25591880
    6.58703632     0.57219707     3.87230818     0.09824078     1.97672141    20.34370605     1.29657828
    7.49541921     0.57643678     3.67364448     0.09765001     1.97735121    21.65114787     1.11893926
    6.73103441     0.64466875     3.97079842     0.01666941     1.97752225    21.88635957     1.17741152
    6.95327934     0.65943667     4.00695911     0.00231781     1.65961740    19.37685782     1.18010178
    7.66997337     0.64857818     3.67076814     0.01607445     1.85921332    19.45872050     1.24694185
    7.49742781     0.58530299     4.02242818     0.09234968     1.80863526    20.81536404     1.18196334
    6.81850277     0.61413162     4.39372643     0.09535498     1.68233397    19.57089217     1.28594741
    6.59192792     0.58473543     3.91602875     0.02109784     1.95946569    22.93889600     1.28326380
    7.43210840     0.63898714     4.07789732     0.04751322     1.69875697    20.74634200     1.19616501
    6.37387316     0.60483185     4.32226541     0.02927980     1.89089862    19.59804902     1.28265259
    7.23800253     0.65144424     4.02764636     0.00642511     1.65847665    21.02931024     1.12195533
    7.40036177     0.58045247     4.07216109     0.09788191     1.88805717    22.33995063     1.08351237
    7.04746540     0.55289747     3.63142541     0.03397078     1.78912271    19.27844829     1.28370338
    7.11075339     0.59399988     4.19398375     0.03762525     1.80313160    22.16881470     1.20008542
    6.73707678     0.65522512     4.10414715     0.05928054     1.65184566    22.17431327     1.25185704
    6.94313278     0.64048501     4.06547375     0.06299419     1.81009268    21.46337824     1.20622942
    7.53566003     0.58248628     3.61635131     0.01426003     1.97717689    20.19780146     1.08033577
    6.35125382     0.56313060     3.76802126     0.09338413     1.76221294    21.83048661     1.17472807
    6.51600232     0.58690903     4.03574790     0.09463799     1.74081472    22.51039684     1.19812007
    7.29029733     0.54268846     4.21529214     0.06022967     1.90996219    21.52635978     1.17669128
    7.50897974     0.57240678     3.80055618     0.03877663     1.89156564    23.02611288     1.16503159
    6.53734481     0.63783681     3.82871655     0.03631880     1.73270392    23.00130053     1.20014744
    7.15543121     0.54384069     4.28191607     0.02043453     1.84825321    19.60011535     1.18684239
    7.60128550     0.61413094     4.38000519     0.02767651     1.81454565    18.99734817     1.10170387
    6.63955708     0.61472849     4.30788263     0.02465359     1.72684575    19.57512710     1.14565510
    6.60589699     0.55466781     3.88760628     0.01736080     1.65988364    22.77868667     1.30643450
    6.49740245     0.58800645     4.07908716     0.09666097     1.73255051    22.90490937     1.08637071
    6.65435462     0.54639666     3.88383649     0.09570126     1.78451249    19.78610936     1.08959969
    7.72437334     0.60760783     4.07837895     0.08596183     1.72193053    22.13437705     1.23172610
    7.48900186     0.63463932     4.18504060     0.06253238     1.82964390    20.47684484     1.25591880
    6.58702222     0.57219827     3.87230818     0.09824078     1.97672141    20.34370605     1.29657828
    7.49540511     0.57643799     3.67364448     0.09765001     1.97735121    21.65114787     1.11893926
    6.73102031     0.64466996     3.97079842     0.01666941     1.97752225    21.88635957     1.17741152
    6.95326524     0.65943788     4.00695911     0.00231781     1.65961740    19.37685782     1.18010178
    7.66995927     0.64857938     3.67076814     0.01607445     1.85921332    19.45872050     1.24694185
    7.49741371     0.58530420     4.02242818     0.09234968     1.80863526    20.81536404     1.18196334
    6.81848867     0.61413282     4.39372643     0.09535498     1.68233397    19.57089217     1.28594741
    6.59191382     0.58473663     3.91602875     0.02109784     1.95946569    22.93889600     1.28326380
    7.43209431     0.63898834     4.07789732     0.04751322     1.69875697    20.74634200     1.19616501
    6.37385906     0.60483305     4.32226541     0.02927980     1.89089862    19.59804902     1.28265259
    7.23798843     0.65144544     4.02764636     0.00642511     1.65847665    21.02931024     1.12195533
    7.40034767     0.58045367     4.07216109     0.09788191     1.88805717    22.33995063     1.08351237
    7.04745130     0.55289868     3.63142541     0.03397078     1.78912271    19.27844829     1.28370338
    7.11075339     0.59399867     4.19399175     0.03762525     1.80313160    22.16881470     1.20008542
    6.73707678     0.65522391     4.10415515     0.05928054     1.65184566    22.17431327     1.25185704
    6.94313278     0.64048381     4.06548175     0.06299419     1.81009268    21.46337824     1.20622942
    7.53566003     0.58248508     3.61635931     0.01426003     1.97717689    20.19780146     1.08033577
    6.35125382     0.56312940     3.76802926     0.09338413     1.76221294    21.83048661     1.17472807
    6.51600232     0.58690783     4.03575590     0.09463799     1.74081472    22.51039684     1.19812007
    7.29029733     0.54268725     4.21530014     0.06022967     1.90996219    21.52635978     1.17669128
    7.50897974     0.57240557     3.80056418     0.03877663     1.89156564    23.02611288     1.16503159
    6.53734481     0.63783560     3.82872455     0.03631880     1.73270392    23.00130053     1.20014744
    7.15543121     0.54383949     4.28192407     0.02043453     1.84825321    19.60011535     1.18684239
    7.60128550     0.61412974     4.38001319     0.02767651     1.81454565    18.99734817     1.10170387
    6.63955708     0.61472729     4.30789063     0.02465359     1.72684575    19.57512710     1.14565510
    6.60589699     0.55466661     3.88761428     0.01736080     1.65988364    22.77868667     1.30643450
    6.49740245     0.58800525     4.07909516     0.09666097     1.73255051    22.90490937     1.08637071
    6.65435462     0.54639546     3.88384449     0.09570126     1.78451249    19.78610936     1.08959969
    7.72437334     0.60760662     4.07838695     0.08596183     1.72193053    22.13437705     1.23172610
    7.48900186     0.63463811     4.18504860     0.06253238     1.82964390    20.47684484     1.25591880
    6.58702222     0.57219707     3.87231618     0.09824078     1.97672141    20.34370605     1.29657828
    7.49540511     0.57643678     3.67365248     0.09765001     1.97735121    21.65114787     1.11893926
    6.73102031     0.64466875     3.97080642     0.01666941     1.97752225    21.88635957     1.17741152
    6.95326524     0.65943667     4.00696711     0.00231781     1.65961740    19.37685782     1.18010178
    7.66995927     0.64857818     3.67077614     0.01607445     1.85921332    19.45872050     1.24694185
    7.49741371     0.58530299     4.02243618     0.09234968     1.80863526    20.81536404     1.18196334
    6.81848867     0.61413162     4.39373443     0.09535498     1.68233397    19.57089217     1.28594741
    6.59191382     0.58473543     3.91603675     0.02109784     1.95946569    22.93889600     1.28326380
    7.43209431     0.63898714     4.07790532     0.04751322     1.69875697    20.74634200     1.19616501
    6.37385906     0.60483185     4.32227341     0.02927980     1.89089862    19.59804902     1.28265259
    7.23798843     0.65144424     4.02765436     0.00642511     1.65847665    21.02931024     1.12195533
    7.40034767     0.58045247     4.07216909     0.09788191     1.88805717    22.33995063     1.08351237
    7.04745130     0.55289747     3.63143341     0.03397078     1.78912271    19.27844829     1.28370338
    7.11075339     0.59399867     4.19398375     0.03762625     1.80313160    22.16881470     1.20008542
    6.73707678     0.65522391     4.10414715     0.05928154     1.65184566    22.17431327     1.25185704
    6.94313278     0.64048381     4.06547375     0.06299519     1.81009268    21.46337824     1.20622942
    7.53566003     0.58248508     3.61635131     0.01426103     1.97717689    20.19780146     1.08033577
    6.35125382     0.56312940     3.76802126     0.09338513     1.76221294    21.83048661     1.17472807
    6.51600232     0.58690783     4.03574790     0.09463899     1.74081472    22.51039684     1.19812007
    7.29029733     0.54268725     4.21529214     0.06023067     1.90996219    21.52635978     1.17669128
    7.50897974     0.57240557     3.80055618     0.03877763     1.89156564    23.02611288     1.16503159
    6.53734481     0.63783560     3.82871655     0.03631980     1.73270392    23.00130053     1.20014744
    7.15543121     0.54383949     4.28191607     0.02043553     1.84825321    19.60011535     1.18684239
    7.60128550     0.61412974     4.38000519     0.02767751     1.81454565    18.99734817     1.10170387
    6.63955708     0.61472729     4.30788263     0.02465459     1.72684575    19.57512710     1.14565510
    6.60589699     0.55466661     3.88760628     0.01736180     1.65988364    22.77868667     1.30643450
    6.49740245     0.58800525     4.07908716     0.09666197     1.73255051    22.90490937     1.08637071
    6.65435462     0.54639546     3.88383649     0.09570226     1.78451249    19.78610936     1.08959969
    7.72437334     0.60760662     4.07837895     0.08596283     1.72193053    22.13437705     1.23172610
    7.48900186     0.63463811     4.18504060     0.06253338     1.82964390    20.47684484     1.25591880
    6.58702222     0.57219707     3.87230818     0.09824178     1.97672141    20.34370605     1.29657828
    7.49540511     0.57643678     3.67364448     0.09765101     1.97735121    21.65114787     1.11893926
    6.73102031     0.64466875     3.97079842     0.01667041     1.97752225    21.88635957     1.17741152
    6.95326524     0.65943667     4.00695911     0.00231881     1.65961740    19.37685782     1.18010178
    7.66995927     0.64857818     3.67076814     0.01607545     1.85921332    19.45872050     1.24694185
    7.49741371     0.58530299     4.02242818     0.09235068     1.80863526    20.81536404     1.18196334
    6.81848867     0.61413162     4.39372643     0.09535598     1.68233397    19.57089217     1.28594741
    6.59191382     0.58473543     3.91602875     0.02109884     1.95946569    22.93889600     1.28326380
    7.43209431     0.63898714     4.07789732     0.04751422     1.69875697    20.74634200     1.19616501
    6.37385906     0.60483185     4.32226541     0.02928080     1.89089862    19.59804902     1.28265259
    7.23798843     0.65144424     4.02764636     0.00642611     1.65847665    21.02931024     1.12195533
    7.40034767     0.58045247     4.07216109     0.09788291     1.88805717    22.33995063     1.08351237
    7.04745130     0.55289747     3.63142541     0.03397178     1.78912271    19.27844829     1.28370338
    7.11075339     0.59399867     4.19398375     0.03762525     1.80313520    22.16881470     1.20008542
    6.73707678     0.65522391     4.10414715     0.05928054     1.65184926    22.17431327     1.25185704
    6.94313278     0.64048381     4.06547375     0.06299419     1.81009628    21.46337824     1.20622942
    7.53566003     0.58248508     3.61635131     0.01426003     1.97718049    20.19780146     1.08033577
    6.35125382     0.56312940     3.76802126     0.09338413     1.76221654    21.83048661     1.17472807
    6.51600232     0.58690783     4.03574790     0.09463799     1.74081832    22.51039684     1.19812007
    7.29029733     0.54268725     4.21529214     0.06022967     1.90996579    21.52635978     1.17669128
    7.50897974     0.57240557     3.80055618     0.03877663     1.89156924    23.02611288     1.16503159
    6.53734481     0.63783560     3.82871655     0.03631880     1.73270752    23.00130053     1.20014744
    7.15543121     0.54383949     4.28191607     0.02043453     1.84825681    19.60011535     1.18684239
    7.60128550     0.61412974     4.38000519     0.02767651     1.81454925    18.99734817     1.10170387
    6.63955708     0.61472729     4.30788263     0.02465359     1.72684935    19.57512710     1.14565510
    6.60589699     0.55466661     3.88760628     0.01736080     1.65988724    22.77868667     1.30643450
    6.49740245     0.58800525     4.07908716     0.09666097     1.73255411    22.90490937     1.08637071
    6.65435462     0.54639546     3.88383649     0.09570126     1.78451609    19.78610936     1.08959969
    7.72437334     0.60760662     4.07837895     0.08596183     1.72193413    22.13437705     1.23172610
    7.48900186     0.63463811     4.18504060     0.06253238     1.82964750    20.47684484     1.25591880
    6.58702222     0.57219707     3.87230818     0.09824078     1.97672501    20.34370605     1.29657828
    7.49540511     0.57643678     3.67364448     0.09765001     1.97735481    21.65114787     1.11893926
    6.73102031     0.64466875     3.97079842     0.01666941     1.97752585    21.88635957     1.17741152
    6.95326524     0.65943667     4.00695911     0.00231781     1.65962100    19.37685782     1.18010178
    7.66995927     0.64857818     3.67076814     0.01607445     1.85921692    19.45872050     1.24694185
    7.49741371     0.58530299     4.02242818     0.09234968     1.80863886    20.81536404     1.18196334
    6.81848867     0.61413162     4.39372643     0.09535498     1.68233757    19.57089217     1.28594741
    6.59191382     0.58473543     3.91602875     0.02109784     1.95946929    22.93889600     1.28326380
    7.43209431     0.63898714     4.07789732     0.04751322     1.69876057    20.74634200     1.19616501
    6.37385906     0.60483185     4.32226541     0.02927980     1.89090222    19.59804902     1.28265259
    7.23798843     0.65144424     4.02764636     0.00642511     1.65848025    21.02931024     1.12195533
    7.40034767     0.58045247     4.07216109     0.09788191     1.88806077    22.33995063     1.08351237
    7.04745130     0.55289747     3.63142541     0.03397078     1.78912631    19.27844829     1.28370338
    7.11075339     0.59399867     4.19398375     0.03762525     1.80313160    22.16885670     1.20008542
    6.73707678     0.65522391     4.10414715     0.05928054     1.65184566    22.17435527     1.25185704
    6.94313278     0.64048381     4.06547375     0.06299419     1.81009268    21.46342024     1.20622942
    7.53566003     0.58248508     3.61635131     0.01426003     1.97717689    20.19784346     1.08033577
    6.35125382     0.56312940     3.76802126     0.09338413     1.76221294    21.83052861     1.17472807
    6.51600232     0.58690783     4.03574790     0.09463799     1.74081472    22.51043884     1.19812007
    7.29029733     0.54268725     4.21529214     0.06022967     1.90996219    21.52640178     1.17669128
    7.50897974     0.57240557     3.80055618     0.03877663     1.89156564    23.02615488     1.16503159
    6.53734481     0.63783560     3.82871655     0.03631880     1.73270392    23.00134253     1.20014744
    7.15543121     0.54383949     4.28191607     0.02043453     1.84825321    19.60015735     1.18684239
    7.60128550     0.61412974     4.38000519     0.02767651     1.81454565    18.99739017     1.10170387
    6.63955708     0.61472729     4.30788263     0.02465359     1.72684575    19.57516910     1.14565510
    6.60589699     0.55466661     3.88760628     0.01736080     1.65988364    22.77872867     1.30643450
    6.49740245     0.58800525     4.07908716     0.09666097     1.73255051    22.90495137     1.08637071
    6.65435462     0.54639546     3.88383649     0.09570126     1.78451249    19.78615136     1.08959969
    7.72437334     0.60760662     4.07837895     0.08596183     1.72193053    22.13441905     1.23172610
    7.48900186     0.63463811     4.18504060     0.06253238     1.82964390    20.47688684     1.25591880
    6.58702222     0.57219707     3.87230818     0.09824078     1.97672141    20.34374805     1.29657828
    7.49540511     0.57643678     3.67364448     0.09765001     1.97735121    21.65118987     1.11893926
    6.73102031     0.64466875     3.97079842     0.01666941     1.97752225    21.88640157     1.17741152
    6.95326524     0.65943667     4.00695911     0.00231781     1.65961740    19.37689982     1.18010178
    7.66995927     0.64857818     3.67076814     0.01607445     1.85921332    19.45876250     1.24694185
    7.49741371     0.58530299     4.02242818     0.09234968     1.80863526    20.81540604     1.18196334
    6.81848867     0.61413162     4.39372643     0.09535498     1.68233397    19.57093417     1.28594741
    6.59191382     0.58473543     3.91602875     0.02109784     1.95946569    22.93893800     1.28326380
    7.43209431     0.63898714     4.07789732     0.04751322     1.69875697    20.74638400     1.19616501
    6.37385906     0.60483185     4.32226541     0.02927980     1.89089862    19.59809102     1.28265259
    7.23798843     0.65144424     4.02764636     0.00642511     1.65847665    21.02935224     1.12195533
    7.40034767     0.58045247     4.07216109     0.09788191     1.88805717    22.33999263     1.08351237
    7.04745130     0.55289747     3.63142541     0.03397078     1.78912271    19.27849029     1.28370338
    7.11075339     0.59399867     4.19398375     0.03762525     1.80313160    22.16881470     1.20008782
    6.73707678     0.65522391     4.10414715     0.05928054     1.65184566    22.17431327     1.25185944
    6.94313278     0.64048381     4.06547375     0.06299419     1.81009268    21.46337824     1.20623182
    7.53566003     0.58248508     3.61635131     0.01426003     1.97717689    20.19780146     1.08033817
    6.35125382     0.56312940     3.76802126     0.09338413     1.76221294    21.83048661     1.17473047
    6.51600232     0.58690783     4.03574790     0.09463799     1.74081472    22.51039684     1.19812247
    7.29029733     0.54268725     4.21529214     0.06022967     1.90996219    21.52635978     1.17669368
    7.50897974     0.57240557     3.80055618     0.03877663     1.89156564    23.02611288     1.16503399
    6.53734481     0.63783560     3.82871655     0.03631880     1.73270392    23.00130053     1.20014984
    7.15543121     0.54383949     4.28191607     0.02043453     1.84825321    19.60011535     1.18684479
    7.60128550     0.61412974     4.38000519     0.02767651     1.81454565    18.99734817     1.10170627
    6.63955708     0.61472729     4.30788263     0.02465359     1.72684575    19.57512710     1.14565750
    6.60589699     0.55466661     3.88760628     0.01736080     1.65988364    22.77868667     1.30643690
    6.49740245     0.58800525     4.07908716     0.09666097     1.73255051    22.90490937     1.08637311
    6.65435462     0.54639546     3.88383649     0.09570126     1.78451249    19.78610936     1.08960209
    7.72437334     0.60760662     4.07837895     0.08596183     1.72193053    22.13437705     1.23172850
    7.48900186     0.63463811     4.18504060     0.06253238     1.82964390    20.47684484     1.25592120
    6.58702222     0.57219707     3.87230818     0.09824078     1.97672141    20.34370605     1.29658068
    7.49540511     0.57643678     3.67364448     0.09765001     1.97735121    21.65114787     1.11894166
    6.73102031     0.64466875     3.97079842     0.01666941     1.97752225    21.88635957     1.17741392
    6.95326524     0.65943667     4.00695911     0.00231781     1.65961740    19.37685782     1.18010418
    7.66995927     0.64857818     3.67076814     0.01607445     1.85921332    19.45872050     1.24694425
    7.49741371     0.58530299     4.02242818     0.09234968     1.80863526    20.81536404     1.18196574
    6.81848867     0.61413162     4.39372643     0.09535498     1.68233397    19.57089217     1.28594981
    6.59191382     0.58473543     3.91602875     0.02109784     1.95946569    22.93889600     1.28326620
    7.43209431     0.63898714     4.07789732     0.04751322     1.69875697    20.74634200     1.19616741
    6.37385906     0.60483185     4.32226541     0.02927980     1.89089862    19.59804902     1.28265499
    7.23798843     0.65144424     4.02764636     0.00642511     1.65847665    21.02931024     1.12195773
    7.40034767     0.58045247     4.07216109     0.09788191     1.88805717    22.33995063     1.08351477
    7.04745130     0.55289747     3.63142541     0.03397078     1.78912271    19.27844829     1.28370578
