1.610944190538e-01
1.326193735350e-01
1.263357114131e-01
1.353733087226e-01
1.678266070773e-01
1.610524792855e-01
1.325832614707e-01
1.262982097675e-01
1.353345525474e-01
1.677798799002e-01
1.610941443499e-01
1.326190679821e-01
1.263354306992e-01
1.353730514516e-01
1.678262700238e-01
1.610941667888e-01
1.326191958561e-01
1.263355487526e-01
1.353731482471e-01
1.678263797757e-01
1.610944191228e-01
1.326193734939e-01
1.263357115141e-01
1.353733087180e-01
1.678266087243e-01
1.610944190340e-01
1.326193732675e-01
1.263357096428e-01
1.353733108790e-01
1.678266073522e-01
1.610944192143e-01
1.326193735352e-01
1.263357114982e-01
1.353733087916e-01
1.678266076562e-01
1.610944191326e-01
1.326193735736e-01
1.263357115366e-01
1.353733087287e-01
1.678266070160e-01
1.610944187113e-01
1.326193735697e-01
1.263357115972e-01
1.353733087564e-01
1.678266087810e-01
1.611381051199e-01
1.326598625367e-01
1.263799904102e-01
1.354175941731e-01
1.678737570424e-01
1.610932155577e-01
1.326183457979e-01
1.263348523678e-01
1.353724101129e-01
1.678253687158e-01
1.610908357663e-01
1.326159704809e-01
1.263322180266e-01
1.353698540019e-01
1.678225943092e-01
1.610946370837e-01
1.326195943759e-01
1.263359293769e-01
1.353735200102e-01
1.678268534605e-01
1.610945180498e-01
1.326194552368e-01
1.263357909612e-01
1.353733885418e-01
1.678267047313e-01
1.611000679709e-01
1.326242043132e-01
1.263403983022e-01
1.353779597662e-01
1.678335218020e-01
1.610749769365e-01
1.326047762014e-01
1.263216674640e-01
1.353579355135e-01
1.678052793043e-01
1.610945635785e-01
1.326194797195e-01
1.263358094525e-01
1.353734186418e-01
1.678267777336e-01
1.610777095331e-01
1.326067887359e-01
1.263228544854e-01
1.353594991001e-01
1.678095146275e-01
1.610944733687e-01
1.326194255632e-01
1.263357590393e-01
1.353733580826e-01
1.678266698340e-01
1.610945484337e-01
1.326194726639e-01
1.263358023975e-01
1.353734049690e-01
1.678267326992e-01
