1.404125772970e-01
1.832724014265e-01
1.596236077961e-01
1.382179240269e-01
1.626287717585e-01
1.403686628019e-01
1.832257471103e-01
1.595844967165e-01
1.381777476390e-01
1.625881009361e-01
1.404122824597e-01
1.832720984691e-01
1.596233227050e-01
1.382176861401e-01
1.626285142277e-01
1.404124135290e-01
1.832721799016e-01
1.596234012975e-01
1.382177498345e-01
1.626285056344e-01
1.404125771655e-01
1.832723942311e-01
1.596236070446e-01
1.382179242577e-01
1.626287694453e-01
1.404125794854e-01
1.832723982654e-01
1.596236075718e-01
1.382179248271e-01
1.626287751627e-01
1.404125793441e-01
1.832724007242e-01
1.596236086693e-01
1.382179261609e-01
1.626287755373e-01
1.404125771217e-01
1.832724007819e-01
1.596236094771e-01
1.382179241643e-01
1.626287734694e-01
1.404125773308e-01
1.832723996239e-01
1.596236097366e-01
1.382179245676e-01
1.626287730152e-01
1.404629054551e-01
1.833165163109e-01
1.596637877574e-01
1.382611438200e-01
1.626689682945e-01
1.404117201177e-01
1.832707718450e-01
1.596224863599e-01
1.382171431256e-01
1.626277472594e-01
1.404086984654e-01
1.832688011202e-01
1.596200964810e-01
1.382143233393e-01
1.626252739543e-01
1.404128144973e-01
1.832726154462e-01
1.596238335489e-01
1.382181236675e-01
1.626289822152e-01
1.404126597627e-01
1.832724967837e-01
1.596237011459e-01
1.382180070113e-01
1.626288754313e-01
1.404180725059e-01
1.832784350534e-01
1.596300612575e-01
1.382228492963e-01
1.626340293956e-01
1.403953693361e-01
1.832500424448e-01
1.596037628512e-01
1.382024908016e-01
1.626101058059e-01
1.404127001611e-01
1.832725892551e-01
1.596237483462e-01
1.382180532261e-01
1.626289270650e-01
1.403977998584e-01
1.832538400712e-01
1.596077688191e-01
1.382052233124e-01
1.626132214332e-01
1.404126316313e-01
1.832724618789e-01
1.596236658501e-01
1.382179731902e-01
1.626288277844e-01
1.404126756935e-01
1.832725370783e-01
1.596237290475e-01
1.382180286030e-01
1.626289129440e-01
