1.381165346374e-01
1.593449504654e-01
1.355404362663e-01
1.594185945919e-01
1.327506053611e-01
1.380749812016e-01
1.593051319329e-01
1.354998252717e-01
1.593734237062e-01
1.327108258969e-01
1.381162167054e-01
1.593446992025e-01
1.355401224518e-01
1.594183333572e-01
1.327503098996e-01
1.381162980269e-01
1.593447178722e-01
1.355402525447e-01
1.594183790820e-01
1.327504397468e-01
1.381165344606e-01
1.593449501193e-01
1.355404386802e-01
1.594185945852e-01
1.327506053513e-01
1.381165320435e-01
1.593449482503e-01
1.355404376427e-01
1.594185956762e-01
1.327506065788e-01
1.381165342537e-01
1.593449499790e-01
1.355404366534e-01
1.594185946146e-01
1.327506061922e-01
1.381165348521e-01
1.593449505847e-01
1.355404386599e-01
1.594185945973e-01
1.327506053635e-01
1.381165350284e-01
1.593449512364e-01
1.355404386855e-01
1.594185946291e-01
1.327506053929e-01
1.381640031935e-01
1.593839307121e-01
1.355870364125e-01
1.594652731370e-01
1.327976810264e-01
1.381157532166e-01
1.593440955104e-01
1.355396966323e-01
1.594175127702e-01
1.327496264523e-01
1.381128232689e-01
1.593413367322e-01
1.355367153943e-01
1.594147715000e-01
1.327469954774e-01
1.381167641728e-01
1.593451517022e-01
1.355406739645e-01
1.594188128465e-01
1.327508356039e-01
1.381166270806e-01
1.593450444908e-01
1.355405221265e-01
1.594186833962e-01
1.327506837082e-01
1.381218364611e-01
1.593509852544e-01
1.355452856152e-01
1.594248207875e-01
1.327558812241e-01
1.380984490220e-01
1.593259045199e-01
1.355240015465e-01
1.593974111667e-01
1.327329895046e-01
1.381166523302e-01
1.593451058318e-01
1.355405513052e-01
1.594187522681e-01
1.327507091227e-01
1.381037661914e-01
1.593305520196e-01
1.355273914197e-01
1.594039512642e-01
1.327380963918e-01
1.381165939116e-01
1.593450046394e-01
1.355404968935e-01
1.594186543942e-01
1.327506630925e-01
1.381166585511e-01
1.593450814234e-01
1.355405483852e-01
1.594187193941e-01
1.327507069895e-01
