1.534326446250e-01
1.902398739899e-01
1.357489069277e-01
1.625027000453e-01
1.573177839691e-01
1.533908909957e-01
1.901951073237e-01
1.357076153789e-01
1.624629586661e-01
1.572736397686e-01
1.534322827145e-01
1.902395075866e-01
1.357486463240e-01
1.625023422586e-01
1.573174476927e-01
1.534324327302e-01
1.902396459152e-01
1.357486694414e-01
1.625024627643e-01
1.573176004142e-01
1.534326446364e-01
1.902398743563e-01
1.357489076709e-01
1.625026995945e-01
1.573177836194e-01
1.534326445271e-01
1.902398740733e-01
1.357489076049e-01
1.625027013118e-01
1.573177837778e-01
1.534326445282e-01
1.902398743786e-01
1.357489073986e-01
1.625026989676e-01
1.573177837653e-01
1.534326443777e-01
1.902398739393e-01
1.357489076505e-01
1.625026989788e-01
1.573177835040e-01
1.534326445869e-01
1.902398743509e-01
1.357489077235e-01
1.625026996245e-01
1.573177840137e-01
1.534782516832e-01
1.902794888688e-01
1.357965037077e-01
1.625432731193e-01
1.573654313488e-01
1.534317565806e-01
1.902385151651e-01
1.357482064240e-01
1.625014242457e-01
1.573165445336e-01
1.534288466598e-01
1.902360052321e-01
1.357451269489e-01
1.624991368368e-01
1.573140350949e-01
1.534328929173e-01
1.902401173907e-01
1.357491248197e-01
1.625029419114e-01
1.573180287694e-01
1.534327348361e-01
1.902399730477e-01
1.357490066051e-01
1.625027946742e-01
1.573178693688e-01
1.534385530745e-01
1.902473874911e-01
1.357543312528e-01
1.625084342957e-01
1.573231489540e-01
1.534119772558e-01
1.902161687668e-01
1.357317958731e-01
1.624832809699e-01
1.572977827286e-01
1.534327780148e-01
1.902400795676e-01
1.357490231883e-01
1.625028438185e-01
1.573179266676e-01
1.534177819596e-01
1.902213760478e-01
1.357355940540e-01
1.624864438152e-01
1.573020536679e-01
1.534327109786e-01
1.902399428417e-01
1.357489594760e-01
1.625027632257e-01
1.573178490530e-01
1.534327688223e-01
1.902400151442e-01
1.357490295699e-01
1.625028260781e-01
1.573179011755e-01
